Rep	Year	PatchID0	PatchID1	Distance	MeanNAlleles	FIS	FIT	FST	MeanD	HarmMeanD
0	58	-1	-1	-1	24.8667	0.00431935	0.133826	0.130068	0.669962	0.668133
0	58	124	227	4110.01	15.1333	0.0254395	0.130511	0.107814	0.665558	0.627404
0	58	124	248	790.016	17.6667	0.00471744	0.0648302	0.0603977	0.512109	0.443802
0	58	124	336	3870.7	15.6667	0.00643368	0.109319	0.103551	0.658911	0.612851
0	58	124	439	911.4	17.9333	-0.0109922	0.0384953	0.0489495	0.448871	0.344791
0	58	124	764	1281.82	17.9333	0.00112376	0.0551458	0.0540828	0.492501	0.424817
0	58	124	892	2285.74	15.5333	0.0131626	0.0894917	0.0773473	0.521038	0.477149
0	58	124	931	2468.95	16	0.00646015	0.0914313	0.0855237	0.567992	0.494178
0	58	124	1348	1658.08	14.7333	0.012208	0.13625	0.125575	0.716333	0.678978
0	58	124	1555	4268.82	14.3333	-0.0257231	0.138136	0.15975	0.720333	0.680497
0	58	124	1584	2324.44	16.7333	0.0189166	0.0787492	0.0609862	0.49417	0.460192
0	58	124	1673	2627.39	16.8	0.015495	0.083337	0.0689098	0.534904	0.437005
0	58	124	2265	4992.66	13.6	0.0174561	0.242682	0.229227	0.818221	0.798536
0	58	124	2514	3400.74	15.4667	-0.0133333	0.0905886	0.102555	0.621282	0.566637
0	58	124	2937	4153.08	15.5333	0.0122148	0.0869604	0.0756699	0.540719	0.48764
0	58	227	248	3320	15.1333	0.0223493	0.120235	0.100123	0.566304	0.494416
0	58	227	336	329.28	9.4	0.025056	0.0394932	0.0148083	0.0713998	0.0627028
0	58	227	439	3407.26	15.7333	0.0055527	0.0835846	0.0784677	0.487996	0.437589
0	58	227	764	3271.43	15.6667	0.0184429	0.100841	0.083946	0.506676	0.397124
0	58	227	892	2272.03	12.1333	0.0319384	0.166483	0.138984	0.705786	0.674541
0	58	227	931	2238.06	12.8667	0.0248531	0.163187	0.14186	0.708255	0.652089
0	58	227	1348	4012.2	10.4667	0.0316307	0.181916	0.155194	0.67187	0.62825
0	58	227	1555	2130.08	10.2	-0.00776197	0.197937	0.204115	0.748019	0.597343
0	58	227	1584	4980.7	14.2	0.0375703	0.149649	0.116454	0.650567	0.561038
0	58	227	1673	3581.31	13.6	0.0340172	0.146449	0.116392	0.655051	0.603747
0	58	227	2265	3074.43	9.33333	0.04	0.288506	0.25886	0.772664	0.703796
0	58	227	2514	5622.04	12.8	0.00416667	0.160667	0.157155	0.748125	0.658873
0	58	227	2937	5961.42	12.6	0.0307988	0.166266	0.139772	0.745792	0.709539
0	58	248	336	3082.51	15.4667	0.00325935	0.0936313	0.0906675	0.5282	0.429522
0	58	248	439	531.907	17.2	-0.0140762	0.0155067	0.0291723	0.237602	0.136241
0	58	248	764	875.685	17.1333	-0.00191486	0.0374188	0.0392585	0.310851	0.0211493
0	58	248	892	1611.16	15.6	0.0100628	0.104831	0.0957318	0.609764	0.51601
0	58	248	931	1808.6	15.8	0.00332328	0.101183	0.0981857	0.617925	0.571372
0	58	248	1348	1643.79	14.7333	0.00899281	0.135315	0.127469	0.690624	0.646785
0	58	248	1555	3603.1	14	-0.0293073	0.135671	0.160281	0.69921	0.662992
0	58	248	1584	2554.25	16.6	0.0159174	0.0784392	0.0635331	0.494234	0.429661
0	58	248	1673	2330.82	16.6	0.0124681	0.0818628	0.0702709	0.520054	0.389948
0	58	248	2265	4398.66	13.4667	0.0138448	0.211509	0.200439	0.700749	0.647599
0	58	248	2514	3579.87	15.9333	-0.0166234	0.0891807	0.104074	0.627677	0.546364
0	58	248	2937	4262.22	15.8667	0.00913149	0.0991544	0.0908525	0.613271	0.556303
0	58	336	439	3135.86	16.2	-0.0132555	0.0598213	0.0721209	0.46546	0.38104
0	58	336	764	2980.62	16	-0.000514245	0.0812023	0.0816746	0.51328	0.429946
0	58	336	892	1957.78	13.0667	0.0121141	0.143488	0.132985	0.677952	0.559512
0	58	336	931	1915.86	13.6667	0.00504346	0.137161	0.132788	0.661074	0.512475
0	58	336	1348	3700.95	11.6667	0.011066	0.162379	0.153006	0.669001	0.595298
0	58	336	1555	1880.22	11.6	-0.0291898	0.181509	0.204723	0.756964	0.614973
0	58	336	1584	4662.22	14.7333	0.0182008	0.132877	0.116802	0.670994	0.589912
0	58	336	1673	3252.4	14.4	0.0145932	0.1217	0.108693	0.628303	0.567433
0	58	336	2265	2851.12	10.5333	0.0164933	0.256424	0.243955	0.729257	0.582969
0	58	336	2514	5294.01	13.5333	-0.0158765	0.129817	0.143417	0.692721	0.615831
0	58	336	2937	5632.43	13.4667	0.0111223	0.140258	0.130588	0.708616	0.664165
0	58	439	764	391.152	16.0667	-0.0175439	-0.0166052	0.000922509	0.0411427	0.00234301
0	58	439	892	1396.22	16.4667	-0.00631728	0.0779112	0.0836997	0.581729	0.44825
0	58	439	931	1570.43	16.8	-0.0130002	0.0716519	0.0835657	0.551507	0.405101
0	58	439	1348	1118.81	15.4667	-0.00795229	0.109706	0.11673	0.675996	0.549117
0	58	439	1555	3363.63	15.2	-0.0466367	0.117479	0.156803	0.719236	0.677955
0	58	439	1584	2064.08	17.4	-0.000148141	0.0622388	0.0623777	0.525408	0.464571
0	58	439	1673	1834.19	17.0667	-0.00361726	0.0606274	0.0640131	0.516238	0.454796
0	58	439	2265	4082.43	14.4	-0.00538621	0.200965	0.205246	0.733164	0.675361
0	58	439	2514	3066.83	16.6	-0.0329908	0.0573351	0.0874411	0.550851	0.425645
0	58	439	2937	3736.26	16.4667	-0.0071278	0.0729116	0.079473	0.580957	0.542166
0	58	764	892	1117.02	16.4667	0.00629633	0.0928307	0.0870827	0.588655	0.52954
0	58	764	931	1267.46	16.8	-0.000406587	0.0884294	0.0887999	0.589905	0.508078
0	58	764	1348	908.529	15.4667	0.00509963	0.120918	0.116412	0.646354	0.542951
0	58	764	1555	3030.81	15.0667	-0.033144	0.126738	0.154753	0.688059	0.607382
0	58	764	1584	1917.69	17.2667	0.0122036	0.076774	0.0653681	0.524926	0.438839
0	58	764	1673	1456.79	17.0667	0.00876145	0.0800158	0.0718842	0.563885	0.540148
0	58	764	2265	3715.12	14.4	0.00940364	0.222198	0.214814	0.759349	0.648975
0	58	764	2514	2853.86	16.5333	-0.0202922	0.0812315	0.0995046	0.625906	0.549852
0	58	764	2937	3478.54	15.8667	0.00539614	0.0869106	0.0819567	0.579737	0.530964
0	58	892	931	203.039	9.4	0.0120724	0.0211812	0.00922003	0.0566692	0.0180543
0	58	892	1348	1743.93	11.8	0.0182656	0.171176	0.155755	0.730075	0.661962
0	58	892	1555	1994.15	11.3333	-0.021046	0.185599	0.202386	0.778525	0.691921
0	58	892	1584	2710.88	14.7333	0.0248864	0.127228	0.104954	0.654096	0.614155
0	58	892	1673	1471.06	14.6667	0.0213494	0.121559	0.102396	0.623774	0.561979
0	58	892	2265	2803.71	10.1333	0.0246065	0.276377	0.258122	0.802375	0.703763
0	58	892	2514	3422.51	13.0667	-0.00845131	0.134062	0.141319	0.712683	0.679837
0	58	892	2937	3872.92	12.8	0.0180157	0.129897	0.113933	0.640874	0.572528
0	58	931	1348	1814.28	12.2	0.0110361	0.162544	0.153199	0.711888	0.634742
0	58	931	1555	1802.57	11.4667	-0.0286869	0.176507	0.199471	0.756708	0.663538
0	58	931	1584	2749.06	15.2	0.0180879	0.127628	0.111558	0.680722	0.622721
0	58	931	1673	1406.02	14.5333	0.0145228	0.124228	0.111322	0.673197	0.616112
0	58	931	2265	2601.24	10.6667	0.0163811	0.266543	0.254328	0.777484	0.682501
0	58	931	2514	3405.41	13.5333	-0.015572	0.124487	0.137911	0.686312	0.633484
0	58	931	2937	3818.72	13.4	0.011093	0.124475	0.114654	0.637703	0.546654
0	58	1348	1555	3325.56	9.86667	-0.0235153	0.229416	0.24712	0.893703	0.873523
0	58	1348	1584	1018.45	13.4667	0.0243381	0.15519	0.134116	0.71385	0.644276
0	58	1348	1673	1120.1	13.8	0.0206711	0.15959	0.141851	0.727424	0.671668
0	58	1348	2265	3801.54	8.4	0.0239259	0.297213	0.279986	0.792624	0.73599
0	58	1348	2514	1955.63	12.1333	-0.010277	0.175972	0.184354	0.820928	0.748803
0	58	1348	2937	2618.5	11.8667	0.0172057	0.163106	0.148455	0.718847	0.693029
0	58	1555	1584	4031.01	13.3333	-0.0136463	0.14886	0.160318	0.673543	0.511385
0	58	1555	1673	2391.41	12.6	-0.0176467	0.148746	0.163507	0.697465	0.608147
0	58	1555	2265	999.512	7.46667	-0.022905	0.318679	0.333936	0.864759	0.836592
0	58	1555	2514	4299.65	11.1333	-0.0518336	0.164634	0.205801	0.749965	0.551061
0	58	1555	2937	4399.71	10.9333	-0.021856	0.170161	0.18791	0.743495	0.685185
0	58	1584	1673	1640.62	15.6667	0.0270216	0.106836	0.0820306	0.581173	0.558225
0	58	1584	2265	4311.62	12.6	0.0313183	0.258475	0.2345	0.795724	0.763521
0	58	1584	2514	1077.61	12.7333	-0.00183814	0.0650463	0.0667618	0.373625	0.219183
0	58	1584	2937	1850.3	15.2	0.0238425	0.1247	0.103321	0.681194	0.645617
0	58	1673	2265	2725.07	11.9333	0.0271852	0.246873	0.225827	0.763434	0.719414
0	58	1673	2514	2048.32	14.7333	-0.00553476	0.11174	0.116629	0.651933	0.603678
0	58	1673	2937	2412.9	14.2	0.0203262	0.115895	0.097552	0.599566	0.534207
0	58	2265	2514	4331.84	10.2	-0.00784189	0.279373	0.28498	0.860649	0.795847
0	58	2265	2937	4247.25	10	0.023348	0.255071	0.237263	0.763795	0.697487
0	58	2514	2937	799.453	12.9333	-0.00929885	0.125846	0.1339	0.696512	0.645446
0	58	-999	-999	105	-999	0.0586162	0.380642	0.373175	0.45777	0.466474
0	60	-1	-1	-1	25.2	0.00351225	0.13694	0.133898	0.675258	0.673364
0	60	124	227	4110.01	15.8667	-0.0192545	0.085323	0.102602	0.633418	0.558013
0	60	124	248	790.016	17.9333	-0.0210369	0.0590905	0.0784765	0.605158	0.570716
0	60	124	336	3870.7	15.8	-0.0114365	0.0877532	0.0980681	0.641208	0.583452
0	60	124	439	911.4	17.8667	0.0084237	0.0484597	0.0403761	0.397367	0.321314
0	60	124	764	1281.82	18.2	-0.0133828	0.0411801	0.0538424	0.484906	0.330329
0	60	124	892	2285.74	15.8667	-0.0227703	0.0676239	0.0883817	0.572598	0.517725
0	60	124	931	2468.95	16.3333	-0.000555921	0.0816956	0.0822058	0.572912	0.499041
0	60	124	1348	1658.08	15.1333	0.00902708	0.130779	0.122861	0.687534	0.65931
0	60	124	1555	4268.82	14.7333	0.00139486	0.166667	0.165503	0.707688	0.647205
0	60	124	1584	2324.44	17.2	-0.0156787	0.045927	0.0606547	0.472857	0.385025
0	60	124	1673	2627.39	17.6667	-0.0230483	0.0304636	0.0523063	0.447487	0.273692
0	60	124	2265	4992.66	14.2667	-0.0330141	0.211389	0.236592	0.859669	0.839545
0	60	124	2514	3400.74	16	0.00469193	0.101402	0.0971658	0.596283	0.547184
0	60	124	2937	4153.08	15.9333	0.0136875	0.100136	0.0876484	0.598779	0.5675
0	60	227	248	3320	14.6	-0.0188958	0.0865363	0.103477	0.555404	0.42118
0	60	227	336	329.28	9.33333	-0.00864835	0.00742398	0.0159345	0.0688411	0.16577
0	60	227	439	3407.26	15.7333	0.0121789	0.0944338	0.083269	0.525355	0.457675
0	60	227	764	3271.43	15.3333	-0.0108471	0.0825279	0.0923731	0.549635	0.508286
0	60	227	892	2272.03	12.3333	-0.0206739	0.123195	0.140955	0.676846	0.581947
0	60	227	931	2238.06	13.0667	0.00283832	0.131437	0.128964	0.683182	0.510072
0	60	227	1348	4012.2	11	0.0131808	0.156994	0.145734	0.615559	0.485719
0	60	227	1555	2130.08	10.9333	0.00529478	0.225011	0.220886	0.769059	0.708209
0	60	227	1584	4980.7	14.5333	-0.0132265	0.0993637	0.11112	0.611185	0.528918
0	60	227	1673	3581.31	14.9333	-0.0210603	0.0807046	0.0996658	0.6061	0.569046
0	60	227	2265	3074.43	10.1333	-0.0312799	0.228889	0.252278	0.741633	0.685849
0	60	227	2514	5622.04	13.6	0.00847875	0.159952	0.152769	0.73291	0.655438
0	60	227	2937	5961.42	12.5333	0.0179454	0.148409	0.132847	0.655719	0.406924
0	60	248	336	3082.51	14.4667	-0.0108827	0.0843286	0.0941863	0.520191	0.367631
0	60	248	439	531.907	16.1333	0.0094162	0.0555705	0.0465931	0.348594	0.245776
0	60	248	764	875.685	16.5333	-0.0129026	0.0477892	0.0599187	0.429818	0.256166
0	60	248	892	1611.16	14.5333	-0.022502	0.0939997	0.113938	0.641809	0.569102
0	60	248	931	1808.6	15.1333	0.000258947	0.109319	0.109088	0.662533	0.621626
0	60	248	1348	1643.79	13.6667	0.0101273	0.150739	0.142051	0.689818	0.637193
0	60	248	1555	3603.1	13.2667	0.00235024	0.196773	0.194881	0.762779	0.738698
0	60	248	1584	2554.25	16.3333	-0.015245	0.0700563	0.0840204	0.567734	0.441244
0	60	248	1673	2330.82	16.6667	-0.022798	0.053338	0.074439	0.540938	0.151004
0	60	248	2265	4398.66	12.3333	-0.0330007	0.182659	0.20877	0.691691	0.600334
0	60	248	2514	3579.87	15.2	0.00565629	0.119256	0.114246	0.618482	0.566211
0	60	248	2937	4262.22	14.7333	0.0148587	0.11281	0.0994287	0.598768	0.401625
0	60	336	439	3135.86	15.9333	0.0198297	0.0925801	0.0742222	0.489925	0.355491
0	60	336	764	2980.62	15.5333	-0.00303576	0.0850722	0.0878413	0.555149	0.49792
0	60	336	892	1957.78	12.5333	-0.0124297	0.129782	0.140466	0.683756	0.562242
0	60	336	931	1915.86	13.0667	0.0108812	0.142016	0.132577	0.703276	0.486438
0	60	336	1348	3700.95	11.1333	0.0215594	0.170863	0.152594	0.648497	0.527294
0	60	336	1555	1880.22	10.8667	0.0142146	0.222715	0.211507	0.734278	0.636184
0	60	336	1584	4662.22	14.4667	-0.00524879	0.108083	0.11274	0.623529	0.545118
0	60	336	1673	3252.4	14.9333	-0.0131763	0.0832778	0.0951997	0.587343	0.510714
0	60	336	2265	2851.12	9.86667	-0.0215572	0.238608	0.254675	0.777791	0.675859
0	60	336	2514	5294.01	13.5333	0.0166703	0.169943	0.155871	0.744623	0.700664
0	60	336	2937	5632.43	12.7333	0.0259539	0.153523	0.130969	0.690575	0.564135
0	60	439	764	391.152	15.7333	0.0164141	0.0196349	0.0032745	0.0609285	0.0461628
0	60	439	892	1396.22	15.6667	0.00849397	0.0976253	0.0898949	0.600404	0.514125
0	60	439	931	1570.43	16	0.0301934	0.106931	0.0791266	0.584274	0.537091
0	60	439	1348	1118.81	14.8667	0.0410786	0.147617	0.111102	0.627267	0.538527
0	60	439	1555	3363.63	14.4667	0.0353085	0.195786	0.166351	0.722006	0.685715
0	60	439	1584	2064.08	17.4667	0.0146964	0.0716216	0.0577742	0.477682	0.357478
0	60	439	1673	1834.19	16.8667	0.00692345	0.0569606	0.050386	0.459414	0.335124
0	60	439	2265	4082.43	14	0.003367	0.207567	0.20489	0.733855	0.687991
0	60	439	2514	3066.83	16.0667	0.0360273	0.126136	0.0934769	0.60207	0.513274
0	60	439	2937	3736.26	15.8	0.0444467	0.121634	0.0807771	0.574638	0.518736
0	60	764	892	1117.02	15.2667	-0.0144258	0.0860357	0.0990328	0.630786	0.586416
0	60	764	931	1267.46	15.5333	0.00775744	0.0927908	0.0856981	0.586785	0.513872
0	60	764	1348	908.529	15	0.0177446	0.142204	0.126708	0.692183	0.649331
0	60	764	1555	3030.81	14.6667	0.0105829	0.190319	0.181658	0.764809	0.74005
0	60	764	1584	1917.69	16.7333	-0.00753982	0.0651408	0.0721368	0.554037	0.515281
0	60	764	1673	1456.79	16.7333	-0.0150531	0.0484952	0.0626059	0.505709	0.0924113
0	60	764	2265	3715.12	13.7333	-0.0233475	0.186324	0.204888	0.701266	0.612904
0	60	764	2514	2853.86	15.9333	0.0131912	0.112957	0.101099	0.605853	0.494348
0	60	764	2937	3478.54	15.8	0.022073	0.112242	0.092204	0.619168	0.553043
0	60	892	931	203.039	9.46667	-0.000957854	0.0114334	0.0123794	0.066282	0.0332212
0	60	892	1348	1743.93	11.3333	0.00913751	0.175585	0.167982	0.747182	0.708097
0	60	892	1555	1994.15	10.9333	0.00106333	0.217204	0.216371	0.759632	0.690094
0	60	892	1584	2710.88	14.3333	-0.0168622	0.095255	0.110258	0.613725	0.208341
0	60	892	1673	1471.06	14.6667	-0.0245914	0.0737625	0.0959933	0.605682	0.52705
0	60	892	2265	2803.71	9.86667	-0.0355336	0.239121	0.26523	0.807515	0.745996
0	60	892	2514	3422.51	12.9333	0.00456522	0.161593	0.157748	0.752852	0.715673
0	60	892	2937	3872.92	12.6667	0.0140409	0.139671	0.127419	0.670221	0.561556
0	60	931	1348	1814.28	11.8667	0.0328716	0.178277	0.150347	0.69677	0.617559
0	60	931	1555	1802.57	11.5333	0.0263219	0.232614	0.211869	0.780154	0.716582
0	60	931	1584	2749.06	14.8667	0.00579111	0.112903	0.107736	0.650811	0.574121
0	60	931	1673	1406.02	14.8667	-0.0021893	0.0847652	0.0867646	0.595757	0.549071
0	60	931	2265	2601.24	10.4	-0.00797011	0.25191	0.257825	0.823958	0.749366
0	60	931	2514	3405.41	13.5333	0.0277837	0.169387	0.14565	0.753544	0.729874
0	60	931	2937	3818.72	13.1333	0.0367325	0.145269	0.112675	0.625099	0.449706
0	60	1348	1555	3325.56	9.73333	0.038829	0.288391	0.259644	0.881379	0.820346
0	60	1348	1584	1018.45	13.5333	0.0158953	0.16536	0.151879	0.762859	0.602937
0	60	1348	1673	1120.1	14.2	0.0073948	0.14082	0.134419	0.705884	0.649255
0	60	1348	2265	3801.54	8.46667	0.0035489	0.290572	0.288045	0.81013	0.709068
0	60	1348	2514	1955.63	12.2667	0.0393258	0.210076	0.17774	0.784086	0.703627
0	60	1348	2937	2618.5	11.5333	0.0484805	0.197525	0.156639	0.722013	0.696667
0	60	1555	1584	4031.01	13.1333	0.00846876	0.183527	0.176554	0.695113	0.567123
0	60	1555	1673	2391.41	13.4	-0.000393767	0.173291	0.173616	0.752812	0.699509
0	60	1555	2265	999.512	7.33333	-0.0064807	0.342629	0.346861	0.858571	0.826281
0	60	1555	2514	4299.65	11.1333	0.0330155	0.235178	0.209065	0.713651	0.478647
0	60	1555	2937	4399.71	10.6	0.0428379	0.23388	0.199592	0.701852	0.62334
0	60	1584	1673	1640.62	15.9333	-0.0173978	0.0591966	0.0752847	0.563579	0.482778
0	60	1584	2265	4311.62	12.3333	-0.0263994	0.226427	0.246324	0.816148	0.718422
0	60	1584	2514	1077.61	13.4667	0.0112941	0.0922064	0.0818366	0.452515	0.387387
0	60	1584	2937	1850.3	15	0.0203849	0.130435	0.11234	0.675109	0.608474
0	60	1673	2265	2725.07	12.7333	-0.0352235	0.192458	0.219935	0.771387	0.755855
0	60	1673	2514	2048.32	15.4	0.00306509	0.110837	0.108103	0.641365	0.517011
0	60	1673	2937	2412.9	15.1333	0.0121553	0.111344	0.100409	0.666168	0.636202
0	60	2265	2514	4331.84	10.6667	-0.00165943	0.287255	0.288436	0.880271	0.863268
0	60	2265	2937	4247.25	9.6	0.0095631	0.250236	0.242997	0.761742	0.708431
0	60	2514	2937	799.453	13.0667	0.0429963	0.179415	0.142548	0.732462	0.68288
0	60	-999	-999	105	-999	0.0275493	0.354434	0.356214	0.412928	0.322512
1	58	-1	-1	-1	24.8	-0.00192855	0.143323	0.144972	0.690479	0.688057
1	58	124	227	4110.01	15.8667	0.00701335	0.110836	0.104556	0.633902	0.416897
1	58	124	248	790.016	17.8667	0.0215624	0.0664431	0.0458698	0.440669	0.23021
1	58	124	336	3870.7	16.2	-0.00443178	0.111623	0.115543	0.621485	0.376413
1	58	124	439	911.4	17.8667	0.0247918	0.0637697	0.0399688	0.390992	0.221766
1	58	124	764	1281.82	17.3333	0.00354489	0.0427229	0.0393174	0.372547	0.274542
1	58	124	892	2285.74	15.6667	0.0186601	0.144679	0.128415	0.67537	0.573521
1	58	124	931	2468.95	16.3333	0.00725971	0.105431	0.0988895	0.653054	0.617917
1	58	124	1348	1658.08	15.6	0.0146879	0.132863	0.119937	0.645526	0.606085
1	58	124	1555	4268.82	14.6667	0.0183245	0.202629	0.187745	0.804349	0.789305
1	58	124	1584	2324.44	17.6667	0.0145715	0.0872343	0.0737373	0.620543	0.577675
1	58	124	1673	2627.39	17.7333	-0.019287	0.0511269	0.0690815	0.552647	0.483835
1	58	124	2265	4992.66	14.5333	-0.0030884	0.189044	0.191541	0.710699	0.664394
1	58	124	2514	3400.74	16.0667	-0.00621826	0.104961	0.110492	0.673858	0.648732
1	58	124	2937	4153.08	15.6	0.022508	0.0995176	0.0787828	0.516305	0.469396
1	58	227	248	3320	15.6667	0.00917814	0.115514	0.107321	0.613854	0.55388
1	58	227	336	329.28	8.66667	-0.0199602	-0.00553899	0.014139	0.0563541	0.0303378
1	58	227	439	3407.26	15.6667	0.0127055	0.113784	0.102379	0.604333	0.495508
1	58	227	764	3271.43	15	-0.0100916	0.102919	0.111881	0.661988	0.609183
1	58	227	892	2272.03	12.2	0.00473059	0.200106	0.196304	0.763378	0.557612
1	58	227	931	2238.06	12.5333	-0.00687153	0.147091	0.152912	0.701883	0.670296
1	58	227	1348	4012.2	11.4	0.000571755	0.181495	0.181026	0.727375	0.67548
1	58	227	1555	2130.08	10.4	0.00364166	0.238162	0.235378	0.769227	0.624154
1	58	227	1584	4980.7	14.2667	0.00148337	0.132184	0.130895	0.702512	0.66514
1	58	227	1673	3581.31	14.2667	-0.0348936	0.100373	0.130706	0.696324	0.613909
1	58	227	2265	3074.43	9.86667	-0.0202634	0.247226	0.262177	0.795901	0.758015
1	58	227	2514	5622.04	11.8	-0.0215851	0.147506	0.165519	0.721731	0.648544
1	58	227	2937	5961.42	12.4	0.00954785	0.151255	0.143073	0.668544	0.58295
1	58	248	336	3082.51	15.5333	-0.00227742	0.122544	0.124538	0.641087	0.582008
1	58	248	439	531.907	16.9333	0.0268721	0.0565278	0.0304746	0.278565	0.103309
1	58	248	764	875.685	16.6	0.00555556	0.0446115	0.0392741	0.353932	0.271952
1	58	248	892	1611.16	14.7333	0.020934	0.136263	0.117795	0.612781	0.239672
1	58	248	931	1808.6	15.2667	0.00939088	0.0960452	0.0874758	0.552783	0.435983
1	58	248	1348	1643.79	14.8	0.0169275	0.135116	0.120223	0.623188	0.559716
1	58	248	1555	3603.1	14.2667	0.0207067	0.185995	0.168783	0.681038	0.616765
1	58	248	1584	2554.25	17.3333	0.0166568	0.0793651	0.0637705	0.522628	0.448891
1	58	248	1673	2330.82	16.3333	-0.0173169	0.0453376	0.061588	0.458127	0.296415
1	58	248	2265	4398.66	13.8667	-0.000702247	0.200817	0.201378	0.741419	0.6772
1	58	248	2514	3579.87	15.3333	-0.00410923	0.09965	0.103335	0.619195	0.543408
1	58	248	2937	4262.22	15.6	0.0246926	0.115817	0.0934318	0.607743	0.578572
1	58	336	439	3135.86	15.5333	0.00136929	0.112573	0.111357	0.590639	0.509311
1	58	336	764	2980.62	15	-0.0218184	0.107526	0.126583	0.66059	0.584989
1	58	336	892	1957.78	11.5333	-0.00804038	0.198724	0.205115	0.72629	0.35124
1	58	336	931	1915.86	12.0667	-0.0192222	0.144004	0.160147	0.667014	0.631601
1	58	336	1348	3700.95	11.2	-0.0121547	0.185524	0.195305	0.735802	0.692915
1	58	336	1555	1880.22	10.3333	-0.00982634	0.246275	0.253609	0.798026	0.690817
1	58	336	1584	4662.22	14.3333	-0.0102793	0.138622	0.147387	0.721845	0.665538
1	58	336	1673	3252.4	14.0667	-0.0472845	0.104084	0.144535	0.700902	0.6421
1	58	336	2265	2851.12	9.86667	-0.0347809	0.251441	0.276602	0.807571	0.76306
1	58	336	2514	5294.01	11.9333	-0.0343654	0.152355	0.180517	0.732073	0.674759
1	58	336	2937	5632.43	12.4	-0.0025099	0.155508	0.157622	0.677421	0.567823
1	58	439	764	391.152	15.4	0.00887187	0.0196346	0.0108591	0.121117	0.208568
1	58	439	892	1396.22	15.6667	0.024497	0.152012	0.130717	0.659074	0.595613
1	58	439	931	1570.43	16.2	0.0128611	0.0989556	0.0872162	0.542946	0.341587
1	58	439	1348	1118.81	15.1333	0.0204838	0.12473	0.106427	0.581638	0.548714
1	58	439	1555	3363.63	14.8667	0.0244421	0.185954	0.165558	0.707594	0.690856
1	58	439	1584	2064.08	17.4667	0.0199714	0.0815296	0.0628127	0.541372	0.446445
1	58	439	1673	1834.19	17.4667	-0.0138098	0.0443262	0.0573442	0.452901	0.364995
1	58	439	2265	4082.43	14.4667	0.00331492	0.19313	0.190446	0.737562	0.716331
1	58	439	2514	3066.83	15.8	-0.000517277	0.0930958	0.0935646	0.540747	0.499424
1	58	439	2937	3736.26	16.1333	0.0280736	0.116741	0.091229	0.605882	0.559111
1	58	764	892	1117.02	14.6	0.00107078	0.132356	0.131425	0.676036	0.645356
1	58	764	931	1267.46	15.2667	-0.00957256	0.0816191	0.090327	0.56077	0.476849
1	58	764	1348	908.529	14.8667	-0.00276096	0.119497	0.121921	0.647569	0.623373
1	58	764	1555	3030.81	14.2667	-0.000112233	0.175819	0.175912	0.740448	0.704834
1	58	764	1584	1917.69	16.6667	-0.0016815	0.0609998	0.0625761	0.525173	0.474026
1	58	764	1673	1456.79	16.8	-0.0356434	0.0391599	0.0722288	0.572312	0.524246
1	58	764	2265	3715.12	13.8	-0.0222923	0.189272	0.206951	0.785012	0.756988
1	58	764	2514	2853.86	14.8	-0.0232968	0.0756078	0.0966529	0.546028	0.423104
1	58	764	2937	3478.54	15.2667	0.00572363	0.0896969	0.0844566	0.557546	0.483028
1	58	892	931	203.039	9.73333	0.00504392	0.0233591	0.018408	0.0729306	0.0259453
1	58	892	1348	1743.93	11.4667	0.01322	0.223815	0.213416	0.778823	0.49104
1	58	892	1555	1994.15	10.4667	0.0172003	0.279689	0.267082	0.828599	0.793455
1	58	892	1584	2710.88	14.4667	0.0132024	0.154116	0.142799	0.679554	0.544443
1	58	892	1673	1471.06	14.7333	-0.0242139	0.129666	0.150242	0.693425	0.585415
1	58	892	2265	2803.71	9.73333	-0.00695264	0.284766	0.289704	0.803345	0.655844
1	58	892	2514	3422.51	11.7333	-0.00995225	0.188477	0.196474	0.767468	0.735194
1	58	892	2937	3872.92	12.8	0.0219482	0.210823	0.193113	0.831548	0.811709
1	58	931	1348	1814.28	12.3333	0.000955003	0.175112	0.174324	0.730518	0.526931
1	58	931	1555	1802.57	11.2	0.00399118	0.226067	0.222966	0.759188	0.68259
1	58	931	1584	2749.06	14.4667	0.00182415	0.104875	0.103239	0.604883	0.461787
1	58	931	1673	1406.02	14.9333	-0.0339595	0.0791978	0.109441	0.627052	0.546805
1	58	931	2265	2601.24	10.6	-0.0194374	0.235703	0.250275	0.785572	0.516397
1	58	931	2514	3405.41	12.3333	-0.0208333	0.135078	0.152729	0.69531	0.590734
1	58	931	2937	3818.72	13.4667	0.00976531	0.161786	0.15352	0.790368	0.774628
1	58	1348	1555	3325.56	9.66667	0.0125575	0.269933	0.260648	0.801338	0.742391
1	58	1348	1584	1018.45	13.9333	0.00919615	0.165801	0.158059	0.778164	0.752721
1	58	1348	1673	1120.1	14.3333	-0.0279196	0.122428	0.146264	0.699765	0.658691
1	58	1348	2265	3801.54	9.06667	-0.0115569	0.236143	0.24487	0.71186	0.357887
1	58	1348	2514	1955.63	11.2	-0.0139689	0.171278	0.182695	0.723597	0.512294
1	58	1348	2937	2618.5	12.0667	0.017719	0.187379	0.17272	0.761962	0.653767
1	58	1555	1584	4031.01	13.3333	0.0125916	0.2093	0.199217	0.789483	0.759599
1	58	1555	1673	2391.41	13.3333	-0.0266728	0.136347	0.158785	0.627751	0.574759
1	58	1555	2265	999.512	7.86667	-0.0088963	0.340099	0.345918	0.883144	0.859318
1	58	1555	2514	4299.65	10.4	-0.0118003	0.218229	0.227347	0.767393	0.678892
1	58	1555	2937	4399.71	10.7333	0.0217598	0.23915	0.222225	0.787382	0.745047
1	58	1584	1673	1640.62	16.2667	-0.0250556	0.0700914	0.0928213	0.663234	0.649455
1	58	1584	2265	4311.62	13.1333	-0.00953062	0.222455	0.229795	0.814004	0.766947
1	58	1584	2514	1077.61	12.8667	-0.0119947	0.0897598	0.100548	0.519962	0.374497
1	58	1584	2937	1850.3	14.4	0.0173777	0.12696	0.11152	0.659292	0.628021
1	58	1673	2265	2725.07	13.0667	-0.0505026	0.184394	0.223604	0.766269	0.667564
1	58	1673	2514	2048.32	14.6	-0.0483315	0.0875192	0.129588	0.706697	0.659204
1	58	1673	2937	2412.9	15.1333	-0.0182825	0.107904	0.123921	0.726596	0.682155
1	58	2265	2514	4331.84	10.2667	-0.0362982	0.246599	0.272988	0.855198	0.837909
1	58	2265	2937	4247.25	10.6	-0.000867625	0.235749	0.236411	0.742402	0.652834
1	58	2514	2937	799.453	11.9333	-0.00443277	0.139651	0.143448	0.663766	0.603655
1	58	-999	-999	105	-999	-0.0571558	0.358964	0.364566	0.482322	0.478552
1	60	-1	-1	-1	24.4667	-0.0129288	0.139104	0.150092	0.69626	0.692944
1	60	124	227	4110.01	15.2	0.00271493	0.126158	0.123779	0.640762	0.376957
1	60	124	248	790.016	17.7333	-0.00504482	0.0488353	0.0536096	0.46931	0.350582
1	60	124	336	3870.7	15.7333	-0.00413374	0.107261	0.110936	0.600915	0.420092
1	60	124	439	911.4	17.6	-0.00658569	0.0404241	0.0467022	0.435123	0.433997
1	60	124	764	1281.82	17.7333	-0.00490982	0.0422114	0.046891	0.435905	0.415381
1	60	124	892	2285.74	15.1333	-0.0287071	0.093199	0.118504	0.644744	0.552849
1	60	124	931	2468.95	15.4667	-0.0109515	0.0933498	0.103171	0.625082	0.574396
1	60	124	1348	1658.08	14.8	-0.0196852	0.102347	0.119676	0.619884	0.556254
1	60	124	1555	4268.82	14.8667	-0.0340722	0.165906	0.193389	0.800895	0.778271
1	60	124	1584	2324.44	17	0.00790237	0.0915024	0.0842659	0.641426	0.599984
1	60	124	1673	2627.39	17.5333	-0.0206145	0.048956	0.0681652	0.554006	0.470222
1	60	124	2265	4992.66	14.4667	-0.0147624	0.209591	0.22109	0.776734	0.747761
1	60	124	2514	3400.74	15.9333	-0.0195409	0.0822281	0.0998185	0.619861	0.591389
1	60	124	2937	4153.08	15.6	-0.0151932	0.0784383	0.0922302	0.61323	0.52288
1	60	227	248	3320	15.4	0.00963288	0.142228	0.133885	0.683727	0.584398
1	60	227	336	329.28	8.6	0.0117376	0.0291054	0.017574	0.0659521	0.0505962
1	60	227	439	3407.26	15	0.00788576	0.13439	0.12751	0.667127	0.641123
1	60	227	764	3271.43	15.4	0.0096603	0.133121	0.124665	0.665008	0.624014
1	60	227	892	2272.03	10.8	-0.0151577	0.182186	0.194397	0.724512	0.652285
1	60	227	931	2238.06	11.4667	0.00402791	0.185795	0.182503	0.741158	0.69056
1	60	227	1348	4012.2	10.4667	-0.00505466	0.188641	0.192721	0.711099	0.617042
1	60	227	1555	2130.08	10.0667	-0.0199899	0.243176	0.258009	0.771568	0.495673
1	60	227	1584	4980.7	13.3333	0.0241472	0.175167	0.154757	0.716499	0.673465
1	60	227	1673	3581.31	13.9333	-0.00720906	0.129893	0.136121	0.657104	0.623545
1	60	227	2265	3074.43	9.2	0.00247773	0.308429	0.306711	0.835404	0.789871
1	60	227	2514	5622.04	11.4667	-0.00539374	0.17555	0.179973	0.744538	0.698345
1	60	227	2937	5961.42	12.1333	-0.000838785	0.170775	0.17147	0.754443	0.692558
1	60	248	336	3082.51	15.4	0.00262992	0.120744	0.118425	0.654	0.584912
1	60	248	439	531.907	16.6	-0.000294118	0.0389692	0.0392517	0.332372	0.0924433
1	60	248	764	875.685	17.1333	0.00136772	0.0381693	0.036852	0.320486	0.0288537
1	60	248	892	1611.16	15.0667	-0.0220147	0.0983461	0.117768	0.637588	0.526225
1	60	248	931	1808.6	15.7333	-0.00430967	0.0981573	0.102027	0.601074	0.411554
1	60	248	1348	1643.79	14.9333	-0.0128714	0.113133	0.124404	0.625253	0.51972
1	60	248	1555	3603.1	14.2667	-0.0269099	0.158903	0.180944	0.705039	0.636265
1	60	248	1584	2554.25	16.7333	0.0144257	0.0925079	0.0792251	0.574419	0.495447
1	60	248	1673	2330.82	17.6	-0.0142921	0.0530872	0.0664299	0.515625	0.419678
1	60	248	2265	4398.66	14.3333	-0.00706308	0.22952	0.234924	0.781163	0.732162
1	60	248	2514	3579.87	15.4	-0.0129384	0.0957564	0.107306	0.641182	0.532748
1	60	248	2937	4262.22	15.6	-0.00866001	0.0866211	0.0944631	0.609264	0.555534
1	60	336	439	3135.86	15.1333	0.000942705	0.111583	0.110745	0.621067	0.583538
1	60	336	764	2980.62	15.6667	0.00271314	0.109892	0.10747	0.632404	0.590461
1	60	336	892	1957.78	11.6667	-0.0222856	0.152641	0.171113	0.676925	0.612413
1	60	336	931	1915.86	12.4	-0.00328636	0.162248	0.164992	0.696398	0.622705
1	60	336	1348	3700.95	11.5333	-0.0124567	0.178521	0.188628	0.747488	0.663709
1	60	336	1555	1880.22	10.6667	-0.0275964	0.223215	0.244076	0.756297	0.365244
1	60	336	1584	4662.22	13.8	0.0167303	0.156806	0.142459	0.706388	0.61234
1	60	336	1673	3252.4	14.6	-0.014008	0.116402	0.128609	0.68037	0.619362
1	60	336	2265	2851.12	10.4667	-0.00609476	0.299584	0.303827	0.875719	0.851646
1	60	336	2514	5294.01	12	-0.0125425	0.160815	0.17121	0.753303	0.716073
1	60	336	2937	5632.43	12.8667	-0.0079631	0.146681	0.153422	0.713169	0.587
1	60	439	764	391.152	15.6	-0.000194609	0.00437083	0.00456455	0.0522925	0.0199807
1	60	439	892	1396.22	14.6667	-0.0236096	0.09442	0.115307	0.629532	0.579453
1	60	439	931	1570.43	15.5333	-0.00594592	0.0934844	0.0988426	0.573308	0.506893
1	60	439	1348	1118.81	14.8667	-0.0145237	0.104985	0.117798	0.607857	0.565947
1	60	439	1555	3363.63	14.4	-0.0286006	0.155378	0.178863	0.711173	0.674002
1	60	439	1584	2064.08	16.4667	0.0127647	0.085382	0.0735562	0.549028	0.487161
1	60	439	1673	1834.19	17.2	-0.0158211	0.0477032	0.0625349	0.485216	0.105106
1	60	439	2265	4082.43	13.9333	-0.00895056	0.21008	0.217087	0.751659	0.715452
1	60	439	2514	3066.83	15.5333	-0.0145392	0.0952924	0.108258	0.663809	0.648528
1	60	439	2937	3736.26	15.7333	-0.0102567	0.078895	0.0882466	0.591298	0.506794
1	60	764	892	1117.02	15.2	-0.0217311	0.092322	0.111627	0.618667	0.572731
1	60	764	931	1267.46	15.8	-0.00417246	0.0878378	0.091628	0.550051	0.497655
1	60	764	1348	908.529	15.7333	-0.0126596	0.108382	0.119529	0.617392	0.542278
1	60	764	1555	3030.81	14.8667	-0.0265627	0.151693	0.173643	0.699814	0.609846
1	60	764	1584	1917.69	16.8	0.0144147	0.0843861	0.0709948	0.557215	0.488175
1	60	764	1673	1456.79	17.7333	-0.0140845	0.0471149	0.0603494	0.49867	0.459242
1	60	764	2265	3715.12	14.8	-0.0068784	0.220825	0.226148	0.787343	0.76028
1	60	764	2514	2853.86	15.9333	-0.0127326	0.0904293	0.101865	0.636287	0.610736
1	60	764	2937	3478.54	16.2667	-0.00849052	0.0810264	0.0887632	0.607667	0.571083
1	60	892	931	203.039	9.06667	-0.0294514	-0.0145233	0.0145011	0.0692743	0.0451093
1	60	892	1348	1743.93	10.6667	-0.0396414	0.171259	0.202858	0.773953	0.408547
1	60	892	1555	1994.15	10.2	-0.0568033	0.21603	0.258169	0.823967	0.79119
1	60	892	1584	2710.88	13.3333	-0.00835685	0.133977	0.141154	0.686936	0.633278
1	60	892	1673	1471.06	14.2667	-0.0391103	0.096757	0.130754	0.654101	0.49867
1	60	892	2265	2803.71	9.33333	-0.0369585	0.265073	0.291267	0.787858	0.668971
1	60	892	2514	3422.51	11.4	-0.038812	0.137916	0.170125	0.715458	0.65929
1	60	892	2937	3872.92	12.2	-0.0337988	0.142732	0.17076	0.772938	0.69964
1	60	931	1348	1814.28	11.4	-0.0198442	0.158945	0.17531	0.720352	0.464293
1	60	931	1555	1802.57	10.7333	-0.0352527	0.215926	0.242625	0.809346	0.772319
1	60	931	1584	2749.06	14.0667	0.00944999	0.126723	0.118392	0.623101	0.537327
1	60	931	1673	1406.02	14.5333	-0.020818	0.0837368	0.102423	0.5557	0.374206
1	60	931	2265	2601.24	10	-0.014575	0.270709	0.281186	0.801607	0.665791
1	60	931	2514	3405.41	11.9333	-0.0196855	0.130899	0.147678	0.680519	0.62661
1	60	931	2937	3818.72	12.8667	-0.0150629	0.136035	0.148856	0.740401	0.697553
1	60	1348	1555	3325.56	9.86667	-0.0465087	0.239702	0.273491	0.832227	0.776107
1	60	1348	1584	1018.45	13.6667	0.00115239	0.163647	0.162683	0.751028	0.693255
1	60	1348	1673	1120.1	13.6	-0.0300397	0.108968	0.134954	0.638909	0.537668
1	60	1348	2265	3801.54	8.73333	-0.0257168	0.260894	0.279424	0.733282	0.380782
1	60	1348	2514	1955.63	11.4667	-0.0293063	0.159085	0.183027	0.746321	0.655246
1	60	1348	2937	2618.5	11.8	-0.0243793	0.159164	0.179176	0.78474	0.705329
1	60	1555	1584	4031.01	12.6	-0.0123269	0.197112	0.206889	0.750503	0.717818
1	60	1555	1673	2391.41	13.6	-0.0453679	0.140911	0.178194	0.683458	0.641195
1	60	1555	2265	999.512	8.13333	-0.0446072	0.346439	0.374348	0.90929	0.885045
1	60	1555	2514	4299.65	10.6667	-0.0453635	0.186678	0.221972	0.734022	0.625719
1	60	1555	2937	4399.71	10.6	-0.0398518	0.189237	0.220309	0.77138	0.7313
1	60	1584	1673	1640.62	16.2	-0.00132262	0.0814381	0.0826514	0.546015	0.458653
1	60	1584	2265	4311.62	12.1333	0.00892083	0.268367	0.261781	0.849052	0.836362
1	60	1584	2514	1077.61	12.2	0.000637552	0.103748	0.103176	0.520015	0.407192
1	60	1584	2937	1850.3	13.7333	0.00481877	0.124535	0.120296	0.702557	0.672083
1	60	1673	2265	2725.07	13.2	-0.0263351	0.22157	0.241544	0.806725	0.770016
1	60	1673	2514	2048.32	14.6	-0.0295665	0.0962137	0.122168	0.676594	0.635788
1	60	1673	2937	2412.9	15.0667	-0.0250026	0.0840233	0.106366	0.653703	0.569858
1	60	2265	2514	4331.84	10.2667	-0.0253034	0.271872	0.289842	0.858098	0.835096
1	60	2265	2937	4247.25	10.3333	-0.0197944	0.243156	0.257847	0.795546	0.747986
1	60	2514	2937	799.453	12	-0.0240755	0.122063	0.142703	0.699665	0.642371
1	60	-999	-999	105	-999	0.0724076	0.429448	0.39362	0.540405	0.533266
