Rep	Year	PatchID0	PatchID1	Distance	MeanNAlleles	FIS	FIT	FST	MeanD	HarmMeanD
0	58	-1	-1	-1	25.0667	-0.00125078	0.167722	0.168761	0.720537	0.718365
0	58	124	227	4110.01	14.9333	-0.0211053	0.127093	0.145135	0.683419	0.61957
0	58	124	248	790.016	17.3333	-0.0165794	0.0288935	0.0447314	0.402115	0.367301
0	58	124	336	3870.7	15.5333	-0.00963685	0.140883	0.149083	0.69673	0.644939
0	58	124	439	911.4	18.2	-0.00462535	0.0382998	0.0427275	0.391302	0.289344
0	58	124	764	1281.82	18.1333	-0.027881	0.0195905	0.0461838	0.3968	0.255742
0	58	124	892	2285.74	15.4	-0.0229706	0.0870638	0.107564	0.615676	0.560475
0	58	124	931	2468.95	15.6667	-0.00605439	0.0863618	0.0918601	0.581602	0.504349
0	58	124	1348	1658.08	15.6	-0.0300233	0.0990435	0.125305	0.676262	0.643928
0	58	124	1555	4268.82	14.7333	-0.030242	0.151727	0.176628	0.769661	0.684134
0	58	124	1584	2324.44	17	-0.0207777	0.0456942	0.0651189	0.526852	0.46866
0	58	124	1673	2627.39	16.4667	-0.0225761	0.0582011	0.0789938	0.550981	0.473476
0	58	124	2265	4992.66	13.8	-0.042336	0.293075	0.321788	0.85553	0.82955
0	58	124	2514	3400.74	15.6	-0.00996678	0.124164	0.132807	0.737898	0.690559
0	58	124	2937	4153.08	15.0667	-0.0100862	0.102001	0.110968	0.598057	0.494694
0	58	227	248	3320	15.6667	0.00179475	0.14411	0.142571	0.657383	0.569601
0	58	227	336	329.28	7.86667	0.0119581	0.0372935	0.0256421	0.0759249	0.0235976
0	58	227	439	3407.26	15.7333	0.01499	0.1521	0.139196	0.682532	0.635141
0	58	227	764	3271.43	15.6	-0.0107702	0.12842	0.137707	0.663802	0.636424
0	58	227	892	2272.03	11.4	-0.00407403	0.189756	0.193044	0.729785	0.659914
0	58	227	931	2238.06	11.4667	0.0145726	0.186611	0.174583	0.683371	0.642348
0	58	227	1348	4012.2	11.2	-0.0115531	0.210422	0.21944	0.78266	0.535409
0	58	227	1555	2130.08	9.33333	-0.0106766	0.264918	0.272683	0.82184	0.72316
0	58	227	1584	4980.7	13.4667	-0.00264405	0.147194	0.149443	0.680637	0.629481
0	58	227	1673	3581.31	12.8	-0.0042735	0.171478	0.175003	0.732361	0.669488
0	58	227	2265	3074.43	8.26667	-0.019791	0.397467	0.409161	0.886532	0.486868
0	58	227	2514	5622.04	11.4	0.0108265	0.203908	0.195195	0.69692	0.543283
0	58	227	2937	5961.42	11.1333	0.0106032	0.213978	0.205554	0.728458	0.647544
0	58	248	336	3082.51	15.7333	0.0132825	0.154405	0.143022	0.664942	0.605717
0	58	248	439	531.907	17.9333	0.0158699	0.052833	0.0375592	0.358289	0.245177
0	58	248	764	875.685	17.3333	-0.00728713	0.0355443	0.0425216	0.387114	0.329692
0	58	248	892	1611.16	15.7333	-0.00109119	0.103805	0.104782	0.621829	0.547986
0	58	248	931	1808.6	15.6667	0.015544	0.107537	0.0934458	0.597506	0.507222
0	58	248	1348	1643.79	15.2667	-0.00769027	0.124918	0.131596	0.710199	0.685082
0	58	248	1555	3603.1	14.4667	-0.00670691	0.171763	0.177281	0.761991	0.720449
0	58	248	1584	2554.25	16.7333	4.94633e-05	0.0678523	0.0678062	0.541955	0.417967
0	58	248	1673	2330.82	16.2	-0.00136041	0.0780892	0.0793417	0.574734	0.433097
0	58	248	2265	4398.66	13.7333	-0.0136781	0.322678	0.331818	0.886048	0.861402
0	58	248	2514	3579.87	16.0667	0.0122324	0.137999	0.127324	0.715844	0.690395
0	58	248	2937	4262.22	15.1333	0.0120279	0.128559	0.11795	0.640785	0.583133
0	58	336	439	3135.86	16	0.0264327	0.163683	0.140977	0.655915	0.552557
0	58	336	764	2980.62	15.7333	0.000707791	0.139766	0.139156	0.65271	0.624414
0	58	336	892	1957.78	11.7333	0.00821439	0.196989	0.190338	0.697893	0.57029
0	58	336	931	1915.86	12	0.0267042	0.189312	0.167069	0.632203	0.571235
0	58	336	1348	3700.95	11.8	0.00101341	0.217426	0.216632	0.765588	0.345812
0	58	336	1555	1880.22	10.1333	0.00265621	0.275552	0.273623	0.826209	0.751342
0	58	336	1584	4662.22	13.8	0.00898715	0.159597	0.151975	0.678617	0.611013
0	58	336	1673	3252.4	13.2	0.00759836	0.175404	0.169091	0.682173	0.603831
0	58	336	2265	2851.12	8.86667	-0.00309156	0.418239	0.420032	0.904371	0.819803
0	58	336	2514	5294.01	11.6667	0.0233329	0.207342	0.188405	0.661637	0.508693
0	58	336	2937	5632.43	11.7333	0.0230556	0.221081	0.202699	0.704296	0.565025
0	58	439	764	391.152	15.2667	0.00462535	0.00618823	0.00157015	0.0422303	0.0793139
0	58	439	892	1396.22	16.2667	0.0115323	0.101505	0.0910223	0.55396	0.506124
0	58	439	931	1570.43	16.3333	0.0279295	0.115427	0.0900115	0.585637	0.504504
0	58	439	1348	1118.81	16.0667	0.0052251	0.13336	0.128807	0.707091	0.677145
0	58	439	1555	3363.63	15.1333	0.00689502	0.183425	0.177756	0.785917	0.763913
0	58	439	1584	2064.08	17.4	0.0120636	0.0744961	0.0631948	0.527105	0.322899
0	58	439	1673	1834.19	17	0.0108832	0.0821064	0.0720069	0.53183	0.456783
0	58	439	2265	4082.43	14.2	0.00290796	0.298531	0.296485	0.770165	0.70055
0	58	439	2514	3066.83	16.8	0.0249764	0.143308	0.121362	0.695009	0.663622
0	58	439	2937	3736.26	16.0667	0.0247243	0.139351	0.117533	0.6656	0.579266
0	58	764	892	1117.02	16.3333	-0.0130964	0.0946393	0.106343	0.6231	0.55379
0	58	764	931	1267.46	16.2667	0.0036942	0.101933	0.0986033	0.609007	0.515689
0	58	764	1348	908.529	15.6667	-0.0199448	0.109782	0.12719	0.679231	0.630868
0	58	764	1555	3030.81	14.9333	-0.019621	0.169155	0.185143	0.810627	0.789017
0	58	764	1584	1917.69	17.4667	-0.0113783	0.0554361	0.0660626	0.534967	0.447024
0	58	764	1673	1456.79	16.2667	-0.0130014	0.0580904	0.0701793	0.482554	0.203543
0	58	764	2265	3715.12	13.5333	-0.0294038	0.264971	0.285966	0.712862	0.658349
0	58	764	2514	2853.86	16.4	5.27343e-05	0.114385	0.114338	0.61464	0.544861
0	58	764	2937	3478.54	15.9333	-0.000105064	0.123513	0.123605	0.690364	0.61887
0	58	892	931	203.039	9.13333	0.0109361	0.031339	0.0206285	0.0910244	0.0990759
0	58	892	1348	1743.93	11.7333	-0.014051	0.18062	0.191974	0.802918	0.783248
0	58	892	1555	1994.15	10.7333	-0.0133637	0.208854	0.219287	0.764967	0.715978
0	58	892	1584	2710.88	14.4	-0.00536503	0.112757	0.117492	0.624965	0.564591
0	58	892	1673	1471.06	13.7333	-0.0069735	0.12917	0.135201	0.686695	0.655594
0	58	892	2265	2803.71	9.33333	-0.0225352	0.368696	0.382609	0.871613	0.735614
0	58	892	2514	3422.51	11.8667	0.0072631	0.176063	0.170035	0.698614	0.645969
0	58	892	2937	3872.92	12.2667	0.00706516	0.175695	0.16983	0.715585	0.666752
0	58	931	1348	1814.28	12.0667	0.00424628	0.176543	0.173031	0.747626	0.663306
0	58	931	1555	1802.57	11.2	0.00596398	0.21866	0.213973	0.794583	0.741077
0	58	931	1584	2749.06	14.4667	0.0115265	0.111387	0.101025	0.59106	0.525712
0	58	931	1673	1406.02	13.7333	0.01027	0.132352	0.123348	0.689269	0.65488
0	58	931	2265	2601.24	9.8	0.00145582	0.379192	0.378287	0.893994	0.804129
0	58	931	2514	3405.41	12.2667	0.0251541	0.172747	0.151401	0.64792	0.556152
0	58	931	2937	3818.72	12.3333	0.0248866	0.189378	0.16869	0.749628	0.706325
0	58	1348	1555	3325.56	10	-0.0212923	0.235802	0.251734	0.827271	0.748332
0	58	1348	1584	1018.45	14	-0.0121362	0.114088	0.124711	0.624212	0.547852
0	58	1348	1673	1120.1	12.6	-0.0139163	0.132564	0.14447	0.670626	0.612237
0	58	1348	2265	3801.54	8.73333	-0.0326718	0.374176	0.393976	0.85928	0.631607
0	58	1348	2514	1955.63	12.0667	0.000287836	0.201956	0.201726	0.795656	0.738427
0	58	1348	2937	2618.5	11.6	0.000114653	0.170357	0.170262	0.690146	0.488975
0	58	1555	1584	4031.01	12.8667	-0.0113823	0.173517	0.182819	0.745956	0.626465
0	58	1555	1673	2391.41	11.6667	-0.0132454	0.165498	0.176406	0.687392	0.563489
0	58	1555	2265	999.512	6.6	-0.0332043	0.436548	0.454655	0.940781	0.931533
0	58	1555	2514	4299.65	10.6	0.00182838	0.247162	0.245783	0.819478	0.703649
0	58	1555	2937	4399.71	10	0.00163825	0.220522	0.219243	0.706955	0.639591
0	58	1584	1673	1640.62	15.1333	-0.00550627	0.0845754	0.0895883	0.593239	0.463138
0	58	1584	2265	4311.62	12.2	-0.0194994	0.303817	0.317133	0.809404	0.734177
0	58	1584	2514	1077.61	12.9333	0.00806064	0.10933	0.102092	0.519598	0.359442
0	58	1584	2937	1850.3	13.8667	0.00786983	0.122117	0.115153	0.601868	0.492588
0	58	1673	2265	2725.07	10.3333	-0.0219983	0.332482	0.34685	0.836091	0.790879
0	58	1673	2514	2048.32	13.1333	0.00669825	0.141823	0.136036	0.629789	0.568734
0	58	1673	2937	2412.9	12.4667	0.006509	0.142005	0.136384	0.657608	0.591555
0	58	2265	2514	4331.84	9.13333	-0.00386042	0.388122	0.390475	0.881302	0.836401
0	58	2265	2937	4247.25	8.8	-0.00406504	0.398277	0.400713	0.914542	0.89738
0	58	2514	2937	799.453	11.8667	0.0215893	0.20166	0.184044	0.738978	0.653835
0	58	-999	-999	105	-999	0.0137582	0.444582	0.430972	0.520377	0.441702
0	60	-1	-1	-1	24.4667	-0.0127935	0.165576	0.176117	0.729437	0.727638
0	60	124	227	4110.01	14.4	-0.0487252	0.123485	0.164209	0.726964	0.671191
0	60	124	248	790.016	17.7333	-0.0297952	0.0263227	0.0544942	0.467595	0.416384
0	60	124	336	3870.7	14.6667	-0.058961	0.12447	0.173218	0.757865	0.734891
0	60	124	439	911.4	16.9333	-0.0113714	0.0319993	0.0428831	0.375578	0.0679768
0	60	124	764	1281.82	17.3333	-0.00575589	0.0495539	0.0549933	0.476043	0.340085
0	60	124	892	2285.74	14.5333	-0.0185526	0.102429	0.118778	0.64591	0.608499
0	60	124	931	2468.95	14.8667	0.0113369	0.126316	0.116297	0.65905	0.595369
0	60	124	1348	1658.08	15.2667	-0.0203078	0.102598	0.120459	0.693145	0.643152
0	60	124	1555	4268.82	14.1333	-0.0059592	0.19061	0.195404	0.787922	0.69974
0	60	124	1584	2324.44	16.6	-0.027892	0.0395778	0.065639	0.529275	0.442686
0	60	124	1673	2627.39	17.2	-0.031339	0.0432982	0.0723693	0.541492	0.489625
0	60	124	2265	4992.66	13.2667	-0.00633892	0.336685	0.340863	0.84067	0.742253
0	60	124	2514	3400.74	15.0667	-0.0128273	0.111228	0.122484	0.707129	0.670629
0	60	124	2937	4153.08	14.6	-0.0161063	0.091955	0.106348	0.616438	0.545278
0	60	227	248	3320	15.5333	-0.0509614	0.121495	0.164093	0.720431	0.668094
0	60	227	336	329.28	7.06667	-0.0875787	-0.0702182	0.0159625	0.0461728	0.0587065
0	60	227	439	3407.26	15.0667	-0.0302529	0.130857	0.156379	0.70375	0.682347
0	60	227	764	3271.43	14.4667	-0.0240151	0.137633	0.157857	0.69409	0.643646
0	60	227	892	2272.03	11.3333	-0.0399475	0.166818	0.198823	0.695342	0.556076
0	60	227	931	2238.06	11.4667	-0.00592207	0.195754	0.200489	0.704936	0.548578
0	60	227	1348	4012.2	11.2	-0.0418373	0.178448	0.211439	0.751471	0.470595
0	60	227	1555	2130.08	9	-0.0277028	0.280997	0.300379	0.837435	0.777011
0	60	227	1584	4980.7	13.2667	-0.0490798	0.114411	0.155842	0.673444	0.608792
0	60	227	1673	3581.31	13.8667	-0.0531771	0.138806	0.18229	0.775785	0.726081
0	60	227	2265	3074.43	8	-0.0340785	0.423835	0.442823	0.91282	0.741044
0	60	227	2514	5622.04	11.2	-0.0334586	0.187528	0.213832	0.752768	0.592493
0	60	227	2937	5961.42	10.9333	-0.0369758	0.183096	0.212225	0.755904	0.667014
0	60	248	336	3082.51	15.8	-0.0611702	0.119612	0.170361	0.732846	0.690183
0	60	248	439	531.907	17.0667	-0.0134818	0.0364848	0.0493019	0.425767	0.341324
0	60	248	764	875.685	17.2	-0.00789332	0.0410777	0.0485875	0.423681	0.312314
0	60	248	892	1611.16	16.2667	-0.0207886	0.100671	0.118986	0.674979	0.624576
0	60	248	931	1808.6	16.0667	0.00900526	0.125464	0.117517	0.664052	0.513291
0	60	248	1348	1643.79	15.7333	-0.0225282	0.0948956	0.114837	0.664383	0.571892
0	60	248	1555	3603.1	15.2667	-0.00844652	0.195188	0.201929	0.823768	0.783436
0	60	248	1584	2554.25	17.4	-0.0299679	0.0429287	0.0707757	0.571566	0.452531
0	60	248	1673	2330.82	17.7333	-0.0334213	0.0386054	0.0696974	0.527284	0.345398
0	60	248	2265	4398.66	14.1333	-0.00939165	0.35338	0.359397	0.929982	0.92492
0	60	248	2514	3579.87	16.0667	-0.0150849	0.0994968	0.112879	0.647352	0.588291
0	60	248	2937	4262.22	15.4667	-0.0183329	0.090829	0.107197	0.639913	0.606373
0	60	336	439	3135.86	15.1333	-0.0403458	0.129477	0.163237	0.716921	0.694756
0	60	336	764	2980.62	14.5333	-0.0341143	0.13482	0.163361	0.703522	0.651569
0	60	336	892	1957.78	11.5333	-0.0509329	0.164779	0.205258	0.703795	0.570637
0	60	336	931	1915.86	11.9333	-0.016624	0.191501	0.204722	0.706747	0.550868
0	60	336	1348	3700.95	11.4667	-0.0527824	0.167302	0.20905	0.731002	0.561178
0	60	336	1555	1880.22	9.33333	-0.0397509	0.270382	0.298277	0.830514	0.792524
0	60	336	1584	4662.22	13.3333	-0.0594043	0.109997	0.159902	0.689475	0.61755
0	60	336	1673	3252.4	13.6667	-0.0636297	0.133295	0.185144	0.749605	0.669695
0	60	336	2265	2851.12	8.2	-0.0494932	0.417528	0.444997	0.90303	0.592629
0	60	336	2514	5294.01	11.4	-0.0444071	0.178696	0.213617	0.739771	0.629014
0	60	336	2937	5632.43	10.9333	-0.0478398	0.180248	0.217675	0.737405	0.652148
0	60	439	764	391.152	15.1333	0.0105428	0.0184389	0.00798023	0.0904726	0.0888191
0	60	439	892	1396.22	15.6667	-0.00109988	0.0954051	0.0963989	0.513929	0.413571
0	60	439	931	1570.43	15.8	0.0285833	0.120308	0.0944238	0.54392	0.25853
0	60	439	1348	1118.81	15.4667	-0.00292093	0.111579	0.114167	0.656139	0.615618
0	60	439	1555	3363.63	14.7333	0.0130152	0.210481	0.200069	0.81965	0.80677
0	60	439	1584	2064.08	17.0667	-0.0114068	0.0577747	0.0684013	0.572716	0.493991
0	60	439	1673	1834.19	17	-0.0146964	0.0500244	0.0637833	0.497535	0.220787
0	60	439	2265	4082.43	13.6	0.0169658	0.324609	0.312952	0.729133	0.640063
0	60	439	2514	3066.83	15.8	0.00461023	0.119718	0.115641	0.673323	0.641644
0	60	439	2937	3736.26	15.0667	0.00119474	0.110408	0.109344	0.651636	0.610459
0	60	764	892	1117.02	15.6	0.00494269	0.116826	0.112439	0.619041	0.565879
0	60	764	931	1267.46	15.4667	0.0347063	0.141039	0.110156	0.636635	0.577058
0	60	764	1348	908.529	15.0667	0.00308949	0.121361	0.118638	0.672458	0.634875
0	60	764	1555	3030.81	14.2	0.019664	0.226239	0.210719	0.85667	0.84107
0	60	764	1584	1917.69	16.8	-0.00574941	0.064307	0.0696559	0.561532	0.462599
0	60	764	1673	1456.79	16.5333	-0.0090009	0.0554123	0.0638386	0.48084	0.109003
0	60	764	2265	3715.12	13	0.0251603	0.335645	0.318498	0.745718	0.663463
0	60	764	2514	2853.86	15.4667	0.0106769	0.124707	0.115261	0.645731	0.561762
0	60	764	2937	3478.54	15.2	0.0071965	0.120513	0.114137	0.670371	0.58846
0	60	892	931	203.039	9.13333	0.0240018	0.028941	0.00506062	0.0412717	0.070461
0	60	892	1348	1743.93	12	-0.0099455	0.180101	0.188175	0.801604	0.778688
0	60	892	1555	1994.15	10.3333	0.00662826	0.254022	0.249044	0.80301	0.761712
0	60	892	1584	2710.88	14.2667	-0.018648	0.11076	0.127039	0.67267	0.597373
0	60	892	1673	1471.06	14.6	-0.0222484	0.112914	0.132221	0.695938	0.660116
0	60	892	2265	2803.71	9.4	0.00938785	0.423423	0.417959	0.917017	0.869938
0	60	892	2514	3422.51	11.9333	-0.00186304	0.167187	0.168735	0.689303	0.597191
0	60	892	2937	3872.92	12.1333	-0.00548221	0.156148	0.160749	0.698559	0.568086
0	60	931	1348	1814.28	11.9333	0.0219418	0.189557	0.171376	0.728286	0.646622
0	60	931	1555	1802.57	10.7333	0.0416436	0.283812	0.252691	0.83551	0.786565
0	60	931	1584	2749.06	14.4667	0.0114797	0.128863	0.118746	0.665591	0.595259
0	60	931	1673	1406.02	14.8667	0.00818626	0.132241	0.125078	0.675581	0.596285
0	60	931	2265	2601.24	9.46667	0.0531416	0.442988	0.411726	0.912293	0.873979
0	60	931	2514	3405.41	12.2667	0.0301228	0.181581	0.156162	0.639947	0.529877
0	60	931	2937	3818.72	12.6667	0.0262368	0.187164	0.165263	0.734746	0.634783
0	60	1348	1555	3325.56	10.2667	0.00443842	0.258257	0.254951	0.826551	0.784601
0	60	1348	1584	1018.45	14.2	-0.0204168	0.0943463	0.112467	0.614543	0.568325
0	60	1348	1673	1120.1	13.9333	-0.0240187	0.106283	0.127246	0.667485	0.635301
0	60	1348	2265	3801.54	9.06667	0.00663171	0.406201	0.402237	0.880664	0.624897
0	60	1348	2514	1955.63	12	-0.00382194	0.171112	0.174268	0.731017	0.605536
0	60	1348	2937	2618.5	11.8	-0.00740741	0.163114	0.169267	0.749666	0.703379
0	60	1555	1584	4031.01	12.8	-0.00595341	0.202612	0.207331	0.791499	0.698679
0	60	1555	1673	2391.41	12.8	-0.00975296	0.185682	0.193548	0.715043	0.642259
0	60	1555	2265	999.512	6.46667	0.0327028	0.504047	0.487279	0.920863	0.858342
0	60	1555	2514	4299.65	10.5333	0.0133846	0.264751	0.254777	0.807084	0.451779
0	60	1555	2937	4399.71	9.73333	0.00926324	0.236367	0.229227	0.725111	0.655778
0	60	1584	1673	1640.62	15.5333	-0.031527	0.0467348	0.0758698	0.522303	0.36332
0	60	1584	2265	4311.62	12	-0.00633587	0.328853	0.333079	0.828322	0.763746
0	60	1584	2514	1077.61	12.7333	-0.0128769	0.0834548	0.095107	0.494522	0.380141
0	60	1584	2937	1850.3	13.5333	-0.0161816	0.0903405	0.104826	0.58198	0.507051
0	60	1673	2265	2725.07	12.0667	-0.0110318	0.329396	0.336713	0.777636	0.723471
0	60	1673	2514	2048.32	14.4	-0.0164233	0.100841	0.115369	0.578925	0.459188
0	60	1673	2937	2412.9	13.6667	-0.0197285	0.0965496	0.114028	0.596326	0.398952
0	60	2265	2514	4331.84	8.93333	0.0178516	0.413758	0.403103	0.872793	0.838013
0	60	2265	2937	4247.25	8.4	0.0126466	0.411075	0.403532	0.886166	0.850061
0	60	2514	2937	799.453	11.4	0.000615522	0.169721	0.16921	0.729645	0.62859
0	60	-999	-999	105	-999	-0.172959	0.385911	0.437982	0.550297	0.485557
1	58	-1	-1	-1	24.4667	-0.00617167	0.145599	0.15084	0.705312	0.702501
1	58	124	227	4110.01	14.6	-0.0106489	0.107434	0.116838	0.659647	0.60275
1	58	124	248	790.016	17.3333	-0.00996678	0.0351188	0.0446407	0.407377	0.341865
1	58	124	336	3870.7	14.7333	-0.0257475	0.0854731	0.108429	0.646873	0.590534
1	58	124	439	911.4	16.8	-0.00425782	0.0468205	0.0508618	0.450965	0.415675
1	58	124	764	1281.82	16.9333	0.00102997	0.057541	0.0565693	0.497635	0.413425
1	58	124	892	2285.74	14.3333	-0.0263227	0.0714966	0.0953105	0.529359	0.478009
1	58	124	931	2468.95	14.8667	-0.00820353	0.0811005	0.0885774	0.53372	0.491714
1	58	124	1348	1658.08	13.9333	0.0048092	0.113627	0.109344	0.626244	0.565381
1	58	124	1555	4268.82	13.4667	-0.0283088	0.165354	0.188332	0.791966	0.768171
1	58	124	1584	2324.44	16.2	-0.0130785	0.0584473	0.0706024	0.503804	0.420184
1	58	124	1673	2627.39	15.2	-0.0101553	0.0526456	0.0621695	0.464517	0.0655843
1	58	124	2265	4992.66	12.5333	-0.0137994	0.286279	0.295994	0.828534	0.804311
1	58	124	2514	3400.74	14.0667	-0.00893956	0.120255	0.12805	0.644523	0.576147
1	58	124	2937	4153.08	14.4	-0.000574683	0.100803	0.101319	0.596179	0.538649
1	58	227	248	3320	16.2	-0.00479357	0.100197	0.10449	0.644791	0.571464
1	58	227	336	329.28	8.66667	-0.0211573	-0.0234408	-0.00223613	0.0200162	0.0565337
1	58	227	439	3407.26	15.7333	0.00123929	0.111577	0.110474	0.677439	0.630056
1	58	227	764	3271.43	15.3333	0.00683159	0.119058	0.112998	0.678271	0.617106
1	58	227	892	2272.03	11.6	-0.0216881	0.156547	0.174452	0.76724	0.646199
1	58	227	931	2238.06	12.6	-0.00258341	0.155041	0.157218	0.730002	0.632561
1	58	227	1348	4012.2	11.2667	0.0112384	0.180042	0.170722	0.78476	0.762353
1	58	227	1555	2130.08	10.1333	-0.02343	0.196034	0.21444	0.715543	0.603106
1	58	227	1584	4980.7	13.9333	-0.00792006	0.128118	0.134969	0.736283	0.681758
1	58	227	1673	3581.31	14.2	-0.00488933	0.124799	0.129057	0.720101	0.681889
1	58	227	2265	3074.43	8.86667	-0.00699597	0.33912	0.343711	0.865384	0.811164
1	58	227	2514	5622.04	10.8667	-0.00317929	0.169235	0.171868	0.70709	0.626951
1	58	227	2937	5961.42	11.7333	0.00553281	0.16718	0.162547	0.731313	0.653729
1	58	248	336	3082.51	16.6	-0.0196919	0.076707	0.0945373	0.628927	0.560979
1	58	248	439	531.907	18.4667	0.00110731	0.024521	0.0234396	0.252775	0.0143375
1	58	248	764	875.685	17.8667	0.00632026	0.0409202	0.03482	0.371418	0.105989
1	58	248	892	1611.16	15.8667	-0.0201607	0.0847652	0.102852	0.613192	0.576486
1	58	248	931	1808.6	16.7333	-0.00244923	0.0887459	0.0909723	0.582549	0.521308
1	58	248	1348	1643.79	16.4667	0.010376	0.110019	0.100688	0.656856	0.617329
1	58	248	1555	3603.1	15.4	-0.0216532	0.152334	0.1703	0.748331	0.713728
1	58	248	1584	2554.25	17.6667	-0.00741913	0.0527943	0.05977	0.476774	0.410025
1	58	248	1673	2330.82	17.1333	-0.00460198	0.0497558	0.0541088	0.479411	0.438516
1	58	248	2265	4398.66	14.7333	-0.00642839	0.277921	0.282534	0.831819	0.787889
1	58	248	2514	3579.87	16	-0.002997	0.107635	0.110301	0.60045	0.465186
1	58	248	2937	4262.22	16.5333	0.0050824	0.11466	0.110138	0.709225	0.669623
1	58	336	439	3135.86	16.0667	-0.0137476	0.0896804	0.102025	0.660958	0.604456
1	58	336	764	2980.62	15.5333	-0.00824668	0.0949198	0.102323	0.636443	0.577575
1	58	336	892	1957.78	12.2	-0.037643	0.134624	0.166017	0.755202	0.646069
1	58	336	931	1915.86	13.1333	-0.0184843	0.136716	0.152383	0.739655	0.667088
1	58	336	1348	3700.95	11.8667	-0.00492773	0.158353	0.16248	0.770108	0.748582
1	58	336	1555	1880.22	10.6667	-0.04063	0.173792	0.20605	0.696282	0.473111
1	58	336	1584	4662.22	14.4	-0.023246	0.104151	0.124503	0.70036	0.644497
1	58	336	1673	3252.4	14.8667	-0.0200812	0.103155	0.12081	0.701579	0.654565
1	58	336	2265	2851.12	9.53333	-0.0273133	0.315153	0.333361	0.844653	0.78292
1	58	336	2514	5294.01	11.3333	-0.0195902	0.14738	0.163762	0.692085	0.613928
1	58	336	2937	5632.43	12.1333	-0.0105609	0.145495	0.154425	0.715541	0.622112
1	58	439	764	391.152	15.8	0.0119853	0.0181138	0.00620283	0.0767502	0.0360131
1	58	439	892	1396.22	15.7333	-0.0141225	0.0958266	0.108418	0.634512	0.542924
1	58	439	931	1570.43	16.1333	0.00352707	0.0967515	0.0935544	0.584326	0.429813
1	58	439	1348	1118.81	15.3333	0.0164154	0.118935	0.104231	0.665991	0.632548
1	58	439	1555	3363.63	14.6	-0.0151701	0.152737	0.165398	0.714637	0.695765
1	58	439	1584	2064.08	16.4667	-0.00163504	0.0625551	0.0640853	0.524854	0.463895
1	58	439	1673	1834.19	16.5333	0.00112795	0.051789	0.0507182	0.445089	0.405544
1	58	439	2265	4082.43	14.4667	0.00109529	0.29485	0.294076	0.887716	0.879122
1	58	439	2514	3066.83	15.2667	0.00316056	0.114037	0.111228	0.597765	0.521001
1	58	439	2937	3736.26	15.5333	0.0111088	0.105058	0.0950049	0.587064	0.542784
1	58	764	892	1117.02	15.4	-0.00853455	0.101836	0.109437	0.632966	0.531613
1	58	764	931	1267.46	15.9333	0.00906809	0.109283	0.101132	0.634804	0.513166
1	58	764	1348	908.529	14.9333	0.0220228	0.127508	0.107861	0.674048	0.592628
1	58	764	1555	3030.81	13.7333	-0.00916918	0.160444	0.168072	0.706635	0.653736
1	58	764	1584	1917.69	17.1333	0.00372412	0.0700542	0.066578	0.536546	0.409343
1	58	764	1673	1456.79	16.4667	0.0064383	0.0593644	0.053269	0.468465	0.435632
1	58	764	2265	3715.12	13.4667	0.0080765	0.275271	0.26937	0.773936	0.727317
1	58	764	2514	2853.86	14.9333	0.00887012	0.125509	0.117683	0.6385	0.541384
1	58	764	2937	3478.54	15.3333	0.016701	0.112721	0.0976513	0.599961	0.535922
1	58	892	931	203.039	9.06667	-0.0189639	0.00395338	0.0224908	0.110325	0.00246919
1	58	892	1348	1743.93	11.8667	-0.00517904	0.183428	0.187635	0.849305	0.816657
1	58	892	1555	1994.15	10.2667	-0.0415704	0.202476	0.234306	0.799566	0.760984
1	58	892	1584	2710.88	13.8	-0.0237879	0.123973	0.144328	0.741401	0.708071
1	58	892	1673	1471.06	14.2667	-0.0205657	0.112431	0.130317	0.712568	0.679991
1	58	892	2265	2803.71	9.13333	-0.0281239	0.333012	0.351257	0.850891	0.790017
1	58	892	2514	3422.51	11.3333	-0.0201051	0.177135	0.193353	0.78032	0.758109
1	58	892	2937	3872.92	11.9333	-0.0109083	0.152858	0.161999	0.71307	0.473086
1	58	931	1348	1814.28	12.6667	0.0135816	0.169441	0.158005	0.745638	0.687024
1	58	931	1555	1802.57	11.4667	-0.0204691	0.20294	0.218928	0.80011	0.738894
1	58	931	1584	2749.06	14.6667	-0.0054708	0.119436	0.124227	0.682563	0.616882
1	58	931	1673	1406.02	15	-0.00249766	0.11526	0.117465	0.680468	0.633928
1	58	931	2265	2601.24	10.2	-0.00376359	0.342014	0.344481	0.872573	0.850179
1	58	931	2514	3405.41	12.2	-0.000617596	0.173714	0.174224	0.745094	0.70595
1	58	931	2937	3818.72	12.6	0.00793607	0.150981	0.144189	0.679714	0.525561
1	58	1348	1555	3325.56	9.86667	-0.00559331	0.229928	0.234211	0.814612	0.72226
1	58	1348	1584	1018.45	13.5333	0.00773305	0.124023	0.117196	0.649784	0.486845
1	58	1348	1673	1120.1	13.8667	0.0105826	0.115894	0.106438	0.613358	0.511782
1	58	1348	2265	3801.54	8.86667	0.0137853	0.342275	0.333082	0.822363	0.765171
1	58	1348	2514	1955.63	10.7333	0.0135173	0.196393	0.185382	0.756568	0.660306
1	58	1348	2937	2618.5	12	0.0217739	0.180018	0.161767	0.757478	0.69376
1	58	1555	1584	4031.01	12.8667	-0.0256086	0.177409	0.197949	0.777896	0.725979
1	58	1555	1673	2391.41	12.8	-0.0221211	0.160119	0.178296	0.721129	0.656983
1	58	1555	2265	999.512	6.6	-0.0310657	0.369027	0.388038	0.801506	0.651174
1	58	1555	2514	4299.65	9.53333	-0.0217579	0.231143	0.247516	0.792074	0.68918
1	58	1555	2937	4399.71	10.2	-0.0117803	0.213004	0.222167	0.748178	0.67832
1	58	1584	1673	1640.62	15.4	-0.00756125	0.0742289	0.0811763	0.590349	0.547038
1	58	1584	2265	4311.62	11.9333	-0.0104222	0.290426	0.297745	0.812007	0.767654
1	58	1584	2514	1077.61	12.2	-0.00613097	0.0883617	0.0939168	0.449616	0.475722
1	58	1584	2937	1850.3	14	0.00227622	0.132829	0.130851	0.725059	0.663708
1	58	1673	2265	2725.07	12.5333	-0.00658935	0.28546	0.290138	0.804782	0.754521
1	58	1673	2514	2048.32	13.5333	-0.0030581	0.129358	0.132012	0.656554	0.607434
1	58	1673	2937	2412.9	14.0667	0.00518352	0.127095	0.122547	0.703802	0.610283
1	58	2265	2514	4331.84	8.73333	-0.0045755	0.348021	0.35099	0.826698	0.648224
1	58	2265	2937	4247.25	9.13333	0.00653595	0.334942	0.330567	0.794676	0.720523
1	58	2514	2937	799.453	11.6	0.00768709	0.187835	0.181544	0.753439	0.659426
1	58	-999	-999	105	-999	-0.0876239	0.411923	0.417958	0.529464	0.516461
1	60	-1	-1	-1	24.7333	-0.00634792	0.153091	0.158433	0.71725	0.714122
1	60	124	227	4110.01	14.0667	-0.0156036	0.103528	0.117301	0.643192	0.61438
1	60	124	248	790.016	17.2	-0.0100161	0.0321576	0.0417555	0.371839	0.258022
1	60	124	336	3870.7	14.6	-0.0129146	0.0870084	0.098649	0.601962	0.514908
1	60	124	439	911.4	16.9333	-0.0104003	0.0457746	0.0555967	0.485237	0.337765
1	60	124	764	1281.82	17.6667	-0.0212059	0.0305381	0.0506695	0.439616	0.313926
1	60	124	892	2285.74	14.6	-0.0369311	0.0775982	0.11045	0.596141	0.486208
1	60	124	931	2468.95	14.8	-0.0308384	0.0751548	0.102822	0.593416	0.508943
1	60	124	1348	1658.08	14.2667	-0.0160961	0.0930512	0.107418	0.601526	0.499454
1	60	124	1555	4268.82	13.2667	-0.00422374	0.188253	0.191668	0.780436	0.744545
1	60	124	1584	2324.44	15.8	-0.0248133	0.0431303	0.0662985	0.46575	0.341588
1	60	124	1673	2627.39	16.4	-0.0295567	0.0239141	0.0519357	0.423788	0.356138
1	60	124	2265	4992.66	12.9333	-0.023153	0.273493	0.289933	0.832988	0.799143
1	60	124	2514	3400.74	14.2	-0.0222578	0.109029	0.128428	0.652483	0.531415
1	60	124	2937	4153.08	14.4	-0.0226768	0.0759134	0.0964041	0.597556	0.455238
1	60	227	248	3320	15.5333	0.0101158	0.132181	0.123312	0.708962	0.679422
1	60	227	336	329.28	8.2	0.00823595	0.02591	0.0178208	0.0857687	0.0587092
1	60	227	439	3407.26	14.8	0.00979154	0.136126	0.127583	0.690624	0.652421
1	60	227	764	3271.43	16.0667	-0.00188699	0.120629	0.122286	0.686075	0.638415
1	60	227	892	2272.03	11.2667	-0.0171004	0.181067	0.194835	0.796773	0.753876
1	60	227	931	2238.06	11.8	-0.0108206	0.173416	0.182265	0.773276	0.684667
1	60	227	1348	4012.2	10.6667	0.0051456	0.193345	0.189172	0.804049	0.774942
1	60	227	1555	2130.08	9.33333	0.0200843	0.255214	0.239949	0.760856	0.587259
1	60	227	1584	4980.7	13.8667	-0.00522601	0.138483	0.142962	0.723664	0.655078
1	60	227	1673	3581.31	14.6667	-0.010681	0.128438	0.137649	0.749819	0.711827
1	60	227	2265	3074.43	8.26667	0.00300257	0.347816	0.345852	0.837572	0.79307
1	60	227	2514	5622.04	10.4	-0.00109529	0.18462	0.185512	0.729978	0.589093
1	60	227	2937	5961.42	11.4667	-0.00228145	0.171835	0.173721	0.771041	0.708185
1	60	248	336	3082.51	16.2	0.0122772	0.11154	0.100497	0.641084	0.528901
1	60	248	439	531.907	17.9333	0.0135168	0.0531702	0.0401967	0.388246	0.0725002
1	60	248	764	875.685	18.5333	0.00267315	0.0448395	0.0422794	0.393465	0.176462
1	60	248	892	1611.16	15.8667	-0.0109577	0.112244	0.121866	0.674539	0.578243
1	60	248	931	1808.6	16.2667	-0.00524921	0.108894	0.113547	0.659201	0.588119
1	60	248	1348	1643.79	16	0.00948806	0.120956	0.112536	0.665988	0.562071
1	60	248	1555	3603.1	14.9333	0.0235408	0.206377	0.187244	0.768607	0.701629
1	60	248	1584	2554.25	17.6	-0.000299133	0.0687831	0.0690615	0.507431	0.406572
1	60	248	1673	2330.82	18.0667	-0.00543878	0.0549941	0.060106	0.544457	0.491504
1	60	248	2265	4398.66	14.5333	0.00858896	0.293459	0.287338	0.840185	0.76824
1	60	248	2514	3579.87	15.4667	0.00382084	0.118054	0.114671	0.604323	0.547094
1	60	248	2937	4262.22	16	0.00256832	0.101301	0.0989874	0.646902	0.591138
1	60	336	439	3135.86	15.3333	0.0119686	0.12283	0.112204	0.681524	0.590927
1	60	336	764	2980.62	16.6	0.000513716	0.102542	0.10208	0.642942	0.511862
1	60	336	892	1957.78	11.8	-0.0141554	0.164989	0.176644	0.77712	0.646401
1	60	336	931	1915.86	12.2667	-0.00805206	0.157175	0.163908	0.75183	0.554067
1	60	336	1348	3700.95	11.3333	0.00758037	0.17	0.163661	0.749461	0.700697
1	60	336	1555	1880.22	10.0667	0.0223971	0.231812	0.214213	0.702203	0.47781
1	60	336	1584	4662.22	14.5333	-0.00269143	0.119059	0.121424	0.672459	0.574824
1	60	336	1673	3252.4	15.2667	-0.0080829	0.107003	0.114163	0.685931	0.646937
1	60	336	2265	2851.12	8.93333	0.00612131	0.325137	0.32098	0.807137	0.729523
1	60	336	2514	5294.01	11.1333	0.00152241	0.164762	0.163489	0.684032	0.587418
1	60	336	2937	5632.43	12	0.000272346	0.155631	0.155401	0.742181	0.688531
1	60	439	764	391.152	15.3333	0.00234238	0.0043951	0.00205754	0.0443831	0.0976038
1	60	439	892	1396.22	14.8	-0.0113763	0.122968	0.132833	0.73038	0.699275
1	60	439	931	1570.43	15.3333	-0.00563733	0.113288	0.118258	0.665422	0.579811
1	60	439	1348	1118.81	14.7333	0.00916278	0.126737	0.118662	0.687317	0.4814
1	60	439	1555	3363.63	13.6667	0.0232532	0.211745	0.192979	0.786963	0.770745
1	60	439	1584	2064.08	16.2667	-0.000650814	0.0723104	0.0729138	0.513445	0.453599
1	60	439	1673	1834.19	16.8	-0.00580537	0.0543569	0.059815	0.488988	0.318377
1	60	439	2265	4082.43	13.5333	0.00818076	0.293063	0.287232	0.835181	0.816948
1	60	439	2514	3066.83	14.5333	0.00346463	0.123112	0.120063	0.630403	0.595337
1	60	439	2937	3736.26	15.1333	0.00221821	0.102807	0.100812	0.6205	0.573172
1	60	764	892	1117.02	16.3333	-0.023023	0.106448	0.126557	0.708825	0.675995
1	60	764	931	1267.46	16.6	-0.0171518	0.0987444	0.113942	0.664579	0.552196
1	60	764	1348	908.529	15.8	-0.00245034	0.106796	0.108979	0.639824	0.591474
1	60	764	1555	3030.81	15.2	0.0105514	0.202259	0.193752	0.813855	0.803569
1	60	764	1584	1917.69	17.5333	-0.0117166	0.0579103	0.0688206	0.511789	0.433529
1	60	764	1673	1456.79	17.6667	-0.0166601	0.0353783	0.0511857	0.432954	0.344694
1	60	764	2265	3715.12	14.6	-0.00619995	0.287576	0.291966	0.870469	0.847447
1	60	764	2514	2853.86	15.7333	-0.00833201	0.115944	0.123249	0.662181	0.624913
1	60	764	2937	3478.54	16.3333	-0.00919505	0.0980461	0.106264	0.682825	0.656296
1	60	892	931	203.039	9	-0.0336034	-0.0112715	0.0216059	0.0824021	0.0698529
1	60	892	1348	1743.93	11.6	-0.0176257	0.195628	0.20956	0.889256	0.881742
1	60	892	1555	1994.15	9.93333	-0.004802	0.260777	0.264309	0.849918	0.826099
1	60	892	1584	2710.88	13.9333	-0.0269714	0.12144	0.144514	0.689586	0.580182
1	60	892	1673	1471.06	15.1333	-0.0320489	0.110144	0.137777	0.73882	0.696374
1	60	892	2265	2803.71	8.86667	-0.0258441	0.33493	0.351685	0.822294	0.747759
1	60	892	2514	3422.51	11.2	-0.0243478	0.182022	0.201465	0.771952	0.721594
1	60	892	2937	3872.92	11.6667	-0.0247287	0.138208	0.159005	0.684379	0.417206
1	60	931	1348	1814.28	11.8	-0.0113745	0.18107	0.19028	0.832596	0.804766
1	60	931	1555	1802.57	10.8	0.00184117	0.247902	0.246515	0.820562	0.757957
1	60	931	1584	2749.06	14.5333	-0.0208834	0.115177	0.133277	0.667552	0.540623
1	60	931	1673	1406.02	15.8	-0.026004	0.099965	0.122776	0.69136	0.609549
1	60	931	2265	2601.24	9.6	-0.0178092	0.338627	0.350199	0.866335	0.84296
1	60	931	2514	3405.41	12.1333	-0.0178765	0.179532	0.193942	0.778974	0.745041
1	60	931	2937	3818.72	12.0667	-0.0184746	0.132801	0.148532	0.66363	0.328566
1	60	1348	1555	3325.56	9.4	0.0192793	0.26086	0.24633	0.788475	0.721902
1	60	1348	1584	1018.45	13.3333	-0.00578654	0.124967	0.130001	0.65863	0.508544
1	60	1348	1673	1120.1	14.3333	-0.0112017	0.102837	0.112775	0.633333	0.594439
1	60	1348	2265	3801.54	8.4	0.00219999	0.348592	0.347155	0.859438	0.830588
1	60	1348	2514	1955.63	10.6	-0.0017192	0.182513	0.183916	0.69836	0.426463
1	60	1348	2937	2618.5	11.8667	-0.00287706	0.165573	0.167967	0.755935	0.682567
1	60	1555	1584	4031.01	12.5333	0.00730524	0.210596	0.204787	0.743301	0.639391
1	60	1555	1673	2391.41	13.3333	0.00114534	0.187035	0.186103	0.732922	0.678727
1	60	1555	2265	999.512	6.26667	0.021056	0.409668	0.396971	0.816507	0.654046
1	60	1555	2514	4299.65	9.4	0.0127697	0.279704	0.270387	0.831718	0.784135
1	60	1555	2937	4399.71	10.2667	0.0109558	0.245449	0.23709	0.81542	0.712776
1	60	1584	1673	1640.62	16.0667	-0.0201599	0.0526036	0.0713255	0.489775	0.40972
1	60	1584	2265	4311.62	12.0667	-0.0104897	0.304044	0.311268	0.858557	0.827743
1	60	1584	2514	1077.61	12.2667	-0.0118957	0.109814	0.120279	0.541565	0.431289
1	60	1584	2937	1850.3	14.2	-0.0126649	0.113335	0.124424	0.684451	0.635782
1	60	1673	2265	2725.07	13	-0.0171041	0.268771	0.281068	0.783887	0.737054
1	60	1673	2514	2048.32	13.8667	-0.017294	0.112649	0.127734	0.637759	0.586333
1	60	1673	2937	2412.9	14.5333	-0.0178747	0.0930222	0.10895	0.657774	0.624074
1	60	2265	2514	4331.84	8.6	-0.0057442	0.348692	0.352411	0.812154	0.729284
1	60	2265	2937	4247.25	8.86667	-0.00702511	0.315548	0.320323	0.774471	0.645012
1	60	2514	2937	799.453	11.6	-0.00913396	0.167697	0.175231	0.731191	0.676169
1	60	-999	-999	105	-999	0.165343	0.40556	0.397092	0.502675	0.494936
