PatchID	Year_0	Year_2	Year_4	Year_6	Year_8	Year_10	Year_12	Year_14	Year_16	Year_18	Year_20	Year_22	Year_24	Year_26	Year_28	Year_30	Year_32	Year_34	Year_36	Year_38	Year_40	Year_42	Year_44	Year_46	Year_48	Year_50	Year_52	Year_54	Year_56	Year_58	Year_60
1	1	1	1	1	1	1	1	1	1	1	1	1	1	1	1	1	1	1	1	1	1	1	1	1	1	1	1	1	1	1	1
2	1	1	1	1	1	1	1	1	1	1	1	1	1	1	1	1	1	1	1	1	1	1	1	1	1	1	1	1	1	1	1
4	0	1	1	1	1	1	1	1	1	1	1	1	1	1	1	0.5	1	1	1	1	0.5	1	0.5	1	0.5	1	1	1	1	1	1
5	0	0	0.5	0	0.5	0	0	0	0	0	0	0	0	0	0	0	0	0.5	0	0	0	0	0	0	0	0	0	0	0	0	0.5
8	1	1	1	1	1	1	1	1	1	1	1	1	1	1	1	1	1	1	1	1	1	1	1	1	1	1	1	1	1	1	1
9	0	1	1	1	1	0.5	0.5	0.5	0.5	0	1	1	0.5	1	1	0.5	1	1	1	0.5	1	0.5	1	0.5	0.5	1	0.5	0.5	0	0.5	1
11	0	0.5	0	0	0	0	0	0	0	0	0	0	0	0	0	0	0	0	0	0	0	0	0	0	0	0	0	0	0	0	0
12	0	0	0	0	0	0	0	0	0	0	0	0	0	0	0	0	0	0	0	0	0	0	0	0	0	0	0	0	0	0	0
19	1	1	1	1	1	1	1	1	1	1	1	1	1	1	1	1	1	1	1	1	1	1	1	1	1	1	1	1	1	1	1
24	0	0.5	0.5	0.5	1	0.5	1	0.5	0.5	1	0.5	0.5	0.5	0.5	1	0.5	1	1	1	1	1	1	0.5	0.5	0.5	0	1	0.5	1	0.5	0.5
38	0	0	0	0	0	0	0	0	0	0	0	0	0	0	0.5	0.5	0	0	0	0	0	0	0	0	0	0.5	0	0	0	0	0
42	1	0.5	0.5	0.5	1	1	1	1	1	1	1	0.5	0.5	0.5	0.5	1	1	1	1	1	1	1	0.5	0.5	0.5	0.5	1	1	1	1	1
44	0	1	0.5	1	0.5	0.5	0	1	0	0.5	1	0.5	1	0.5	0.5	0.5	0.5	0	1	0.5	0.5	0.5	1	1	1	1	0.5	1	0.5	1	1
46	0	0	0	0	0	0	0.5	0	0	0	0	0	0	0	0	0	0	0	0	0	0	0	0	0	0	0	0	0	0	0	0
51	0	0	0	0	0	0	0	0	0	0	0	0	0	0	0	0	0	0	0	0	0	0	0	0	0	0	0	0	0	0	0
53	0	0	0	0	0	0	0	0	0	0	0	0	0	0	0	0	0	0	0	0.5	0	0	0	0	0	0	0	0	0	0	0
54	1	1	1	1	1	1	1	1	1	1	1	1	1	1	1	1	1	1	1	1	1	1	1	1	1	1	1	1	1	1	1
55	0	0	0.5	0	0	0	0	0	0	0	0	0	0	0	0	0	0	0	0	0.5	0	0	0	0	0	0	0	0	0	0	0
59	0	0	0	0	0	0	0	0	0	0	0	0	0	0	0	0	0	0	0	0	0	0	0.5	0	0	0	0.5	0	0	0	0
61	0	0.5	0.5	0	0.5	1	1	0.5	1	0	0.5	0.5	0.5	0	0	0	1	1	0	0.5	1	0.5	0	0	0	0.5	0.5	0.5	0.5	0	0
65	0	0.5	0	0.5	0.5	0.5	1	0.5	1	1	0.5	1	0.5	0.5	0	0.5	0.5	1	0.5	0.5	0	1	0.5	0.5	0.5	0.5	1	0.5	1	1	0.5
66	0	0	0	0	0	0	0	0	0	0	0.5	0	0	0	0.5	0	0	0	0	0	0	0	0	0	0	0	0	0	0	0	0
67	0	1	1	0	0.5	0	0	0	0	0.5	0.5	0.5	1	0.5	0	0	0	0	0.5	0.5	1	0	0.5	1	0.5	0.5	0	0	0	0.5	1
69	0.5	1	0.5	1	1	1	1	1	0.5	1	1	1	0.5	1	1	1	1	1	1	1	1	1	1	0.5	0.5	0.5	1	1	0.5	0.5	0.5
70	0.5	1	1	1	1	1	1	1	1	1	1	1	1	1	1	1	1	1	1	1	1	1	1	1	1	1	1	1	1	1	1
71	1	1	1	0.5	0.5	1	0.5	1	1	0.5	0.5	1	1	0.5	0.5	0.5	0	0.5	0.5	0.5	1	1	1	1	0.5	0.5	0.5	0.5	0.5	0.5	1
76	0	0	0	0.5	0	1	0.5	0.5	0	0	1	0.5	0.5	0.5	0	0.5	1	1	0.5	0.5	0.5	0	1	1	0.5	1	1	0	0.5	1	1
78	1	0.5	1	1	1	1	1	1	1	1	1	1	1	0.5	0.5	1	1	1	1	1	1	1	1	1	1	1	1	1	1	1	1
81	0	0.5	0.5	0.5	0.5	1	0	0	0	0.5	0	1	1	0.5	0	0.5	0.5	0.5	1	0.5	0.5	0.5	0	0.5	1	1	1	0.5	0	0	0.5
87	0	0	0	0	0	0	0	0	0	0	0	0	0	0	0	0	0	0	0	0	0	0	0	0	0	0	0	0	0	0	0
90	1	1	1	1	1	1	1	1	1	1	1	1	1	1	1	1	1	1	1	1	1	1	1	1	1	1	1	1	1	1	1
92	0.5	1	0.5	1	1	1	1	1	0.5	1	1	1	0.5	0	0	0.5	0.5	0.5	0	0.5	0	0.5	0	0.5	0.5	0	0	1	1	1	0.5
95	0	0.5	0.5	0.5	0	0.5	0	0	0	0	0.5	0	0.5	0	0.5	0	0.5	0	0.5	0	0	1	0	0	0	0.5	0.5	0.5	0	0	0
98	0	1	0.5	1	0	0.5	0	0	0.5	0	0.5	0.5	1	0	0	0.5	1	0.5	0.5	0	0	0.5	0.5	0.5	0.5	0	0	0.5	0.5	0	1
101	0	1	1	0.5	0.5	1	1	1	1	1	1	1	1	0	1	1	0.5	1	1	1	0.5	0.5	0.5	0	1	0.5	1	1	1	0.5	1
105	0	0	0.5	0	0	0.5	0	0	0	0	0	0	0.5	0.5	0.5	0	0	0.5	0	0.5	0	0	0	0.5	0	0	0	0	0	0	0.5
110	0	1	1	1	1	1	1	1	1	1	1	1	1	1	1	1	1	1	1	1	1	1	1	1	1	1	1	1	1	1	1
117	0	0.5	0	0	0	0	0	0	0	0	0	0	0	0	0	0	0.5	0	0	0	0	0	0	0	0	0	0	0	0	0	0
118	1	0.5	1	1	1	1	1	0.5	1	1	1	1	1	1	1	0.5	1	1	1	1	1	1	1	1	1	1	1	1	1	0	0.5
121	0	1	0	0.5	0.5	1	0.5	0.5	0.5	0.5	0	0.5	0	0	0	0	0.5	0	0.5	0	0	0	0	0.5	0.5	1	0	0	0	0	0.5
124	1	1	1	1	1	1	1	1	1	1	1	1	1	1	1	1	1	1	1	1	1	1	1	1	1	1	1	1	1	1	1
127	0	1	1	1	1	1	1	1	1	0.5	1	1	1	1	0.5	1	1	1	0.5	1	1	1	1	1	0.5	1	1	1	1	1	1
141	0	1	1	1	1	1	1	1	1	1	1	1	1	1	1	1	1	1	1	0.5	1	1	1	1	1	1	1	1	1	1	1
142	0	0	0	0.5	0	0	0	0	0.5	0.5	0	0.5	0	0	0.5	0.5	0	1	0	0.5	0	0.5	0	0.5	0	0	0	0.5	1	1	0
144	1	1	1	1	1	1	1	1	1	1	1	1	1	1	1	1	1	1	1	1	1	1	1	1	1	1	1	1	1	1	1
147	1	1	1	1	1	1	1	1	1	1	1	1	1	1	1	1	1	1	1	1	0.5	1	1	1	1	1	1	1	1	1	1
148	0	0.5	0.5	0.5	0.5	0	0.5	0	0.5	0.5	1	1	0.5	0.5	0.5	1	0.5	0.5	0.5	1	1	0.5	0.5	0.5	1	1	0.5	0.5	0.5	0	1
149	0.5	0.5	0.5	1	0.5	0	0	0	0.5	0.5	0.5	0	0.5	0	0	0	0	0	0.5	0.5	0	0.5	0.5	0	1	0	0.5	0.5	0.5	0	0
152	1	1	1	1	1	1	1	1	1	1	1	1	1	1	1	1	1	1	1	1	1	1	1	1	1	1	1	1	1	1	1
153	0	1	0.5	1	1	1	0	1	1	1	0.5	0	1	1	1	1	1	1	1	0.5	0.5	0.5	1	0.5	1	0.5	0.5	1	1	0.5	1
156	1	1	1	1	1	1	1	1	1	1	1	1	1	1	1	1	1	1	1	1	1	1	1	1	1	1	1	1	1	1	1
157	0	0.5	0.5	0.5	1	1	0	0.5	0.5	0.5	0	1	1	1	0.5	1	0	0.5	0.5	0.5	0.5	1	1	1	1	0.5	1	1	0.5	0.5	0.5
161	0	0	0	0	0	0	0	0	0	0.5	0	0	0	0	0	0	0	0	0	0	0	0	0	0	0	0	0	0	0	0	0
164	0	0	0	0	0	0	0	0	0	0	0	0	0	0	0	0	0	0	0	0	0.5	0	0.5	0	0	0	0	0.5	0	0	0
170	0	0	0	0.5	0	0	0.5	0	0	0	0	0	0	0	0.5	0	0	0.5	0	0	0	0	0	0.5	0	0	0	0.5	0.5	0	0
171	0	1	1	1	1	1	1	1	1	1	1	1	1	1	1	1	1	1	1	1	1	1	1	1	1	1	1	1	1	1	1
172	0	0	0	0	0	0	0	0	0	0	0	0	0	0	0	0	0	0	0	0	0	0	0	0	0	0	0	0	0	0	0
173	0	0	0	0	0	0.5	0	0	0	0	0	0	0	0	0	0	0	0	0	0	0	0	0	0	0	0	0	0	0	0	0
174	0	1	1	1	1	1	0	0.5	1	1	1	1	1	1	1	0.5	1	1	0.5	1	1	0.5	1	1	1	0	0.5	1	1	1	1
179	0	0	0	0	0.5	0.5	0	0	0	0	0	0.5	0.5	0	0	0	0	0	0	0	0	0	0.5	0	0	0.5	0	0	0	0	0
183	0.5	1	0.5	0	0.5	0.5	0.5	0.5	0.5	1	0.5	1	1	1	0.5	0.5	0.5	0.5	0	1	0.5	0.5	0.5	0.5	0.5	1	1	1	0	0.5	0
184	1	1	1	1	1	1	1	1	1	1	0.5	1	1	1	1	1	1	1	1	1	1	0.5	1	1	1	1	1	1	1	1	1
187	0	0	0	0	0	0	0	0	0	0	0	0	0	0	0	0	0	0	0	0	0	0	0	0	0	0	0	0	0	0	0
194	0	0	0	0	0.5	0	0	0	0	0	0	0	0	0.5	0	0	0	0	0.5	0	0	0	0	0	0	0	0	0	0	0	0.5
195	1	1	1	1	1	1	1	1	1	0.5	1	1	1	1	1	1	1	1	1	1	1	1	1	1	1	1	1	1	1	1	1
198	1	1	1	1	1	1	1	1	1	1	1	1	1	1	1	1	1	1	1	1	1	1	1	1	1	1	1	1	1	1	1
199	0	0	0	0	0	0	0	0	0	0	0	0	0	0	0	0	0	0	0	0	0	0	0	0	0	0	0	0	0	0	0
204	0	0.5	0	0	0.5	0.5	1	1	0.5	1	0	1	0.5	0.5	0	0.5	0.5	0.5	0.5	1	1	0.5	0.5	1	0.5	0.5	0.5	0.5	0	0.5	0
206	0	0	0.5	0	0	0	0	0	0	0	0	0.5	0.5	0	0	0	0	0	0	0	0	0	0	0	0	0	0	0	0	0	0
209	0	0	0.5	0	0.5	0	0	0	0	0.5	0	0	0.5	0	0.5	0	0	0	0	0.5	0	0.5	0.5	0	0	0	0	0.5	0.5	0.5	0.5
212	0.5	0.5	0.5	0.5	1	0.5	0.5	1	1	0.5	1	1	1	1	0.5	1	0.5	0.5	1	0.5	1	1	1	0.5	1	1	1	1	1	0	0.5
216	0	0	0	0.5	0	0.5	0	0	0	0	0	1	0.5	0	0	0	0	0.5	1	0.5	0	0	0	0.5	0	0	0	0	1	0.5	0
225	0	0	0	0	0	0	0	0	0	0	0	0	0.5	0	0	0	0.5	0	0	0.5	0	0	0	0	0.5	0	0.5	0	0	0	0
227	1	1	1	1	1	1	1	1	1	1	1	1	1	1	1	1	1	1	1	1	1	1	1	1	1	1	1	1	1	1	1
232	0	1	1	1	0.5	1	0.5	0.5	0.5	0.5	0	1	1	1	0.5	0.5	1	1	1	0.5	0.5	0.5	1	0	1	1	1	0.5	1	1	1
233	0.5	1	1	1	1	1	1	1	1	1	1	1	1	1	1	1	1	1	1	1	1	1	1	1	1	1	1	1	1	1	1
236	0	0	0	0	0	0.5	0	0	0.5	0	0	0	0	0	0	0	0	0	0.5	0	0	0.5	0	0	0	0	0	0	0	0.5	0
238	0	0	0	0	0	0	0.5	0	0	0.5	0	0	0	0	0	0	0	0	0	0	0.5	0	0	0	0	0	0	0	0	0	0
239	0	0	0	0	0	1	0.5	0.5	0.5	0	0	0	0	0	0	0	0	0	0	0	0	0	0	0	0.5	0	0	0	0	0	0
241	0	1	1	1	1	1	1	1	1	1	1	1	1	1	1	1	1	1	1	1	1	1	1	1	1	1	1	1	1	1	1
243	0	1	1	1	1	1	1	1	1	1	1	1	1	1	1	1	1	1	1	1	1	1	1	1	1	1	1	1	1	1	1
247	0	1	1	1	0.5	1	0.5	1	0.5	0.5	1	0	1	0.5	0.5	0.5	0.5	1	1	1	0.5	0.5	1	1	1	0.5	0.5	1	0.5	0.5	0.5
248	1	1	1	1	1	1	1	1	1	1	1	1	1	1	1	1	1	1	1	1	1	1	1	1	1	1	1	1	1	1	1
256	1	1	1	1	1	1	1	1	1	1	1	1	1	1	1	1	1	1	1	1	1	1	1	1	1	1	1	1	1	1	1
258	0	0	0	0.5	0.5	0.5	0	0	0	0.5	0	0	0	0	0	0	0.5	0	1	0	0	0	0	0	0	0.5	0.5	0.5	0.5	0.5	0
263	0	0.5	1	0.5	0.5	1	0.5	1	1	1	0.5	1	1	1	1	0.5	0	0.5	0.5	0	0	0.5	1	0.5	1	0.5	0	0.5	0.5	1	1
268	0	0	0.5	0	0.5	0	0	0.5	1	0.5	0.5	0	0.5	0.5	0	0.5	0	0.5	0.5	0	1	0	1	1	0	0.5	0	0	0	0.5	0.5
273	0	0	0.5	1	1	0.5	1	0.5	1	0.5	1	1	1	1	0.5	0.5	0	0.5	0.5	0	1	0	1	0.5	0.5	0	1	0.5	1	0.5	0.5
275	0	0	0.5	0	0	0	0	0	0	0.5	1	0	0	0.5	0.5	0.5	0.5	0	0	0	0	0.5	0	0.5	0	0.5	0.5	0	0	0.5	0.5
276	0	0.5	0.5	0	0.5	0.5	1	1	0.5	0.5	0.5	1	0	0.5	1	1	1	1	1	1	0.5	0.5	0.5	0.5	0	1	0.5	1	1	0.5	0.5
279	1	1	1	1	1	1	1	1	1	1	1	1	1	1	1	1	1	1	1	1	1	1	1	1	1	1	1	1	1	1	1
283	0	0	0	0	0.5	0.5	0	0.5	0	0.5	0	0	0.5	0.5	0.5	0	0	0	0	0	0	0.5	0.5	0	0.5	0	0.5	0	1	0.5	0
285	1	1	1	1	1	1	1	1	1	1	1	1	1	1	1	1	1	1	1	1	1	1	1	1	1	1	1	1	0.5	1	1
289	0.5	0	0	0	0	0	0	0	0	0	0	0	0	0	0	0	0	0	0	0	0.5	0.5	0	0	0.5	0.5	0	0.5	0	0	0
290	0.5	0.5	0.5	1	0.5	1	1	0.5	1	1	0.5	1	1	1	1	1	1	0.5	1	1	1	0.5	0.5	0.5	0	1	1	1	1	1	1
293	0	0	0	0	0	0	0	0	0	1	0.5	0	1	0	0.5	0	1	0.5	0.5	0.5	0.5	1	0.5	0	0	0	0.5	1	1	0.5	0
296	0	0	0	0	0	0	0	0	0	0	0	0	0.5	0	0	0	0	0	0.5	0.5	0	0	0	0	0	0.5	0	0.5	0	0	0
299	1	1	1	1	1	1	1	1	1	1	1	1	1	1	1	1	1	1	1	1	1	1	1	1	1	1	1	1	1	1	1
306	0	0	0	0	0	0	0	0.5	0	0	0	0	0	0.5	0	0	0	0	0.5	0.5	0	1	0	0	0	0.5	0.5	0.5	0	0	0.5
307	0	1	1	1	1	1	1	1	1	1	1	1	1	0.5	1	1	1	1	1	1	1	1	1	1	1	1	1	1	1	1	1
308	1	1	0.5	0.5	0.5	0.5	0.5	0.5	0.5	0	0	0	0	0	0	0	0	0	0	0	0.5	0	0	0	0	0	0	0	0	0	0
310	0	1	1	1	1	1	1	1	1	1	1	1	1	1	1	1	1	1	1	1	1	1	1	1	1	1	1	1	1	1	1
313	0	0.5	0	0.5	1	0.5	1	1	0.5	0.5	1	0.5	1	1	0.5	1	1	1	1	0.5	0.5	1	1	0.5	0.5	1	0.5	1	1	1	0.5
314	0	1	0.5	0	1	0.5	1	1	1	1	0.5	1	0.5	0.5	1	1	1	1	1	1	1	1	1	0.5	1	1	1	1	1	1	0.5
315	0.5	1	1	1	1	1	1	1	1	1	1	1	1	1	1	1	1	1	1	1	1	1	1	1	1	1	1	1	1	1	1
316	0	0	0	0	0	0	0	0	0	0.5	0	0	0	0	1	0.5	0	0.5	0.5	0	0	0.5	0	1	0.5	0.5	0	0	0	0	0.5
317	1	1	0.5	0.5	1	0	0	0	0.5	0.5	0.5	0	0	0	0	0	0	0.5	1	0.5	0.5	0	0	0	1	1	0.5	0.5	0.5	0	1
320	0	1	1	0.5	1	0.5	0.5	1	0.5	0	0.5	0.5	0	0	0	0	0	0.5	1	0.5	0.5	0.5	0.5	0.5	0	0	0	1	0	0	0.5
330	0	1	1	1	1	1	1	1	1	1	1	1	1	1	1	0.5	1	1	0.5	0.5	1	1	0.5	1	0.5	1	1	1	1	1	1
332	0	1	0	0	0	0	0	0	0.5	0.5	1	0	0.5	0	0.5	0	0	0	0.5	0	0.5	0	0	0	0	0	0.5	0	0	0	0
335	1	1	1	1	1	1	1	1	1	1	1	1	1	1	1	1	1	1	1	1	1	1	1	1	1	1	1	1	1	1	1
336	1	1	1	1	1	1	1	1	1	1	1	1	1	1	1	1	1	1	1	1	1	1	1	1	1	1	1	1	1	1	1
337	1	1	1	1	1	1	1	1	1	1	1	1	1	1	1	1	1	1	1	1	1	1	1	1	1	1	1	1	1	1	1
338	0	1	1	1	0.5	0.5	1	1	1	1	1	1	0.5	1	1	1	1	1	1	1	1	1	1	1	1	1	1	1	1	1	1
339	0	1	1	0.5	1	0.5	1	0.5	0.5	1	1	1	0.5	0.5	1	1	1	1	1	0.5	0.5	1	1	0	0.5	1	0.5	1	1	0	1
342	1	1	1	1	1	1	1	1	1	1	1	1	1	1	1	1	1	1	1	1	1	1	1	1	1	1	1	1	1	1	1
345	0	0	0	0	0	0	0	0	0	0	0	0	0	0	0	0	0	0	0	0	0	0	0	0	0	0.5	0	0	0	0	0
350	1	1	1	1	1	0.5	1	1	1	0.5	1	0.5	1	0.5	1	1	0.5	1	1	1	1	1	0.5	0.5	0.5	1	1	1	1	1	0.5
352	0	0.5	0	0	0	0.5	0	0	0.5	1	0	0	0	0	0.5	0.5	0.5	0.5	0	0.5	0	0	0	0.5	0	0	0	0	0.5	0	0.5
360	1	1	1	1	1	1	1	1	1	1	1	1	1	1	1	1	1	1	1	1	1	1	1	1	1	1	1	1	1	1	1
367	1	1	0	0	0	0	0.5	0.5	1	0.5	0	0	0	0	0	0.5	1	1	1	0.5	0.5	0	0.5	0	0.5	0	0.5	0.5	0.5	0.5	0.5
369	0	0	0	0	0.5	0.5	0	0.5	0.5	1	0.5	0.5	0	1	0.5	0	0	0	0	0.5	0.5	1	0.5	0.5	0.5	0.5	0.5	0	0.5	0	0
375	0	0.5	0	0.5	0	0	0.5	0.5	0	0.5	1	1	0.5	0	0	0.5	0	1	0.5	0.5	1	0	0	0	0	0.5	0	0	0.5	1	0.5
382	0.5	0	0.5	0.5	0	0.5	0	0	0.5	0.5	0.5	0.5	1	1	1	0.5	0	0	0.5	1	0.5	0	0	0	0	0	0.5	0	0.5	1	0.5
383	0	0	0	0.5	0.5	0.5	0	0	0	0.5	0	0	0	0.5	0.5	0	0	0	0	0.5	0	0.5	1	0.5	0	0	0.5	0	0.5	0.5	0
388	1	1	1	1	1	1	1	1	1	1	1	1	1	1	1	1	1	1	1	1	1	1	1	1	1	1	1	1	1	1	1
391	1	1	1	1	1	1	1	1	1	1	1	1	1	1	1	1	1	1	1	1	1	1	1	1	1	1	1	1	1	1	1
392	0	0.5	0.5	0	1	0.5	0	0	0	0.5	0	0.5	0	0	0.5	0	0.5	0	0.5	0.5	1	0.5	0	0	0.5	0.5	0.5	0.5	0	0	0.5
393	0	0.5	0	0.5	0.5	0.5	0.5	0	0	0.5	0	0.5	0	0.5	0.5	0	0	0	0.5	1	0.5	0	0	0	0.5	0.5	0.5	0.5	0.5	0.5	1
399	0	1	0.5	1	1	1	0.5	1	1	0.5	0.5	0.5	0.5	0.5	1	0.5	0.5	0.5	1	1	1	1	1	0.5	0.5	1	1	1	1	1	1
401	0	1	1	0.5	1	1	1	1	0.5	1	1	1	1	1	1	0.5	0.5	1	0	0.5	0.5	1	1	0.5	1	1	1	1	1	0.5	1
406	0.5	1	1	1	1	1	1	1	1	1	1	1	1	1	1	1	1	1	1	1	1	1	1	1	1	1	1	1	1	1	1
408	1	1	1	1	1	1	1	1	1	1	1	1	1	1	1	1	1	1	1	1	1	1	1	1	1	1	1	1	1	1	1
412	0	1	1	1	1	1	1	1	1	1	1	1	1	1	1	1	1	1	1	1	1	1	1	1	1	1	1	1	1	1	1
415	1	1	1	1	1	1	1	1	1	1	1	1	1	1	1	1	1	1	1	1	1	1	1	1	1	1	1	1	1	1	1
416	1	1	1	1	1	1	1	1	1	1	1	1	1	1	1	1	1	1	1	1	1	1	1	1	1	1	1	1	1	1	1
417	0	0	0.5	1	0	0	1	1	1	0	0.5	1	0.5	1	1	0.5	0.5	0.5	1	0	1	0	0.5	0	0.5	0	0	1	1	1	1
418	0	0.5	0	0.5	0.5	0	0	0	0	0	0	0	0	0	0.5	0	0	0.5	0	0	0	0.5	0	0	0	0	0	0	0	0.5	0
419	1	1	1	1	1	1	0.5	0.5	1	1	1	1	1	1	1	1	1	1	1	1	1	1	1	1	1	1	1	1	1	1	1
422	0	0.5	1	1	0.5	1	0.5	1	1	1	1	0.5	1	0.5	1	1	0.5	1	1	0.5	1	1	1	1	1	1	1	1	1	1	1
423	1	1	1	1	1	1	1	1	1	1	1	1	1	1	1	1	1	1	1	1	1	1	1	1	1	1	1	1	1	1	1
425	0	1	1	1	1	1	1	1	1	1	1	1	1	1	1	1	1	1	1	1	1	1	1	1	1	1	1	1	1	1	1
428	0.5	0	0.5	0.5	0.5	1	0.5	0.5	0	0	0	0	0	0.5	0.5	0.5	1	0.5	0.5	0	0.5	0.5	1	0.5	0	0	0	0	0.5	0.5	0.5
429	1	1	1	1	1	1	1	1	1	1	1	1	1	1	1	1	1	1	1	1	1	1	1	1	1	1	1	1	1	1	1
435	0	0.5	0	0.5	0.5	0.5	0	0	0	0	0	0.5	0.5	0	1	0	0	0.5	0	1	0	0.5	0	0.5	0	1	0	0.5	0.5	0.5	0.5
436	1	1	1	1	1	1	0.5	1	1	1	1	1	1	1	1	1	1	0.5	1	1	1	1	1	1	1	1	1	1	1	1	1
437	1	1	1	1	1	1	1	1	1	1	1	1	1	1	1	1	1	1	1	1	1	1	1	1	1	1	1	1	1	1	1
439	1	1	1	1	1	1	1	1	1	1	1	1	1	1	1	1	1	1	1	1	1	1	1	1	1	1	1	1	1	1	1
440	0	1	0	0	0	0	0.5	0.5	0	0	0	0.5	0.5	0	0	0.5	0	0	0.5	0.5	0	0	0	0	0	0	0	0.5	0	0	0
441	0	0.5	0.5	0	1	0	0.5	1	1	0	0.5	1	0.5	0.5	1	1	0.5	1	0.5	0.5	0.5	1	0.5	1	0.5	0.5	0	1	1	1	0.5
443	1	1	1	1	0.5	1	0.5	1	1	1	1	1	1	1	0.5	1	1	1	1	1	1	1	1	0.5	0.5	0	0.5	0.5	0.5	0.5	0.5
445	0	0	0	0	0	0.5	0	0.5	0	0	0.5	0.5	0.5	0	0	0	0.5	0	0.5	0	0	0.5	0.5	0.5	0.5	0.5	0	0	0.5	0.5	0
449	0	1	1	1	1	0.5	0	0.5	0.5	1	1	1	0.5	0.5	1	1	0.5	0.5	0.5	0	0.5	0	0	0.5	0.5	0	0	0	0.5	0	0.5
450	1	1	1	1	1	1	1	1	1	1	1	1	1	1	1	1	1	1	1	1	1	1	1	1	1	1	1	1	1	1	1
452	1	1	1	1	1	1	1	1	1	1	1	1	1	1	1	1	1	1	1	1	1	1	1	0.5	0.5	0.5	0.5	0.5	0.5	0.5	0.5
457	0	1	1	0.5	1	1	1	1	0.5	1	1	1	1	1	0.5	1	1	0.5	0.5	1	1	0.5	0.5	1	1	1	1	0.5	1	0.5	1
460	1	1	1	1	1	1	1	1	1	1	1	1	1	1	1	1	1	1	1	1	1	1	0.5	1	1	1	1	1	1	1	1
468	1	1	1	1	1	1	1	1	1	1	0.5	1	1	1	1	1	1	1	1	1	1	1	1	1	1	1	1	1	1	1	1
470	0	0	0.5	0	0	0	0.5	0.5	0	0	0	0	0	0	0	0	0	0	0	0	0.5	0	0	0	0	0	0.5	0.5	0	0	0
474	1	1	1	1	1	1	1	1	1	1	1	1	1	1	1	1	1	1	1	1	1	1	1	1	1	1	1	1	1	1	1
481	1	1	1	1	1	1	1	1	0.5	0.5	0	0	0	0	0	0	0	0	0	0	0	0	0	0	0	0	0	0	0	0	0
487	0	0	0.5	0.5	0.5	0	0	0.5	1	0	0	0.5	0.5	0	0.5	0.5	0	0.5	1	0.5	0.5	1	0	1	0	0	0.5	0.5	1	0	0.5
488	1	1	1	1	1	1	1	1	1	1	1	1	1	1	1	1	1	1	1	1	1	1	1	1	1	1	1	1	1	1	1
490	0	0	0.5	1	1	1	0.5	0	0.5	1	1	1	0.5	0.5	1	0.5	0.5	0.5	0	0	0	0	0.5	0.5	1	0.5	0.5	0.5	0.5	1	0
492	0	1	1	0.5	0.5	1	1	1	1	1	0	1	0.5	1	0.5	0.5	0.5	0.5	1	0.5	1	0.5	1	1	1	0.5	0	1	1	0.5	1
494	0	1	1	1	1	1	1	1	1	1	1	1	1	1	1	1	1	1	1	1	1	1	1	1	1	1	1	0.5	1	1	1
495	1	1	1	1	1	1	1	1	1	1	1	1	1	1	1	1	1	1	1	1	1	1	1	1	1	1	1	1	1	1	1
497	0	0.5	0.5	1	0.5	0	0.5	0	0	0.5	0	0.5	0	0.5	0	0	0.5	0.5	1	0.5	0.5	0	0.5	0	0	0	0	0.5	0	1	0
503	0	0	0	0	0	0	0.5	0	0	0	0	0	0	0	0	0	0	0	0	0	0	0	0	0	0	0	0	0.5	0.5	0	0
504	0	0.5	0.5	0.5	1	0.5	0	1	1	0.5	1	0	0.5	0	0.5	1	1	1	1	1	0.5	1	1	0.5	1	0.5	0.5	0.5	0.5	0.5	1
505	1	1	1	1	1	1	1	1	1	1	1	1	1	1	1	1	1	1	1	1	1	1	1	1	1	1	1	1	1	1	1
511	0	0.5	0.5	1	0	0.5	0	0.5	1	1	0.5	0.5	1	0	0.5	1	0.5	0.5	1	0.5	1	1	0.5	0.5	0	0	0	0	1	1	0.5
513	0	1	1	0.5	0.5	0.5	0.5	0.5	1	0.5	1	0.5	0.5	0.5	0.5	1	1	1	1	0.5	1	0.5	1	0	0	0.5	0.5	0	0.5	0	0
514	1	1	1	1	1	1	1	1	1	1	1	1	1	1	1	1	1	1	1	1	1	1	1	1	1	1	1	1	1	1	1
515	0	0.5	0.5	1	1	0.5	0.5	1	1	0.5	0.5	0	1	1	0.5	0.5	0.5	0	0.5	0.5	0	0	0	0	0.5	0	0	0	0	0	0
516	0	1	1	1	0.5	1	0.5	0.5	1	1	0.5	1	1	0.5	0	1	1	1	1	0.5	1	0.5	1	1	1	0.5	0.5	0.5	1	1	0.5
518	1	1	1	1	1	1	1	1	1	1	1	1	1	1	1	1	1	1	1	1	1	1	1	1	1	1	1	1	1	1	1
520	0	1	1	1	1	0	0	0	0.5	0	0.5	0.5	0.5	0.5	0	0.5	0.5	0.5	0	0.5	0.5	1	0.5	0	0	1	0	0.5	0.5	0.5	0.5
521	0	1	0.5	1	0.5	0.5	0.5	0.5	1	0.5	1	0	0	0.5	0	0	0	0.5	0	0	0	0.5	0	0	0	0	0	0	0	0.5	0.5
523	0	0	0	0	0	0	0	0	1	0	0.5	0	0	0.5	1	0.5	0.5	0	0	1	0	0	0.5	0	0	0.5	0.5	0.5	0.5	0	0.5
524	0	0	0.5	0.5	0	1	0.5	0.5	1	1	1	1	0.5	1	1	1	1	0.5	1	1	1	1	1	1	1	0.5	1	1	1	1	1
525	1	1	1	1	1	1	1	1	1	1	1	1	1	1	1	1	1	1	1	1	1	1	1	1	1	1	1	1	1	1	1
528	1	1	1	1	0.5	1	0.5	1	1	1	1	0.5	0.5	0.5	1	1	1	0.5	1	1	1	1	1	1	1	0.5	1	1	1	1	0.5
534	0	0.5	0.5	0.5	0.5	0.5	0	0.5	0	0.5	0	1	1	0	0.5	1	0	0	0	0.5	1	0.5	0.5	0.5	0.5	0	0	0	0.5	1	0
544	0	0.5	0	0.5	0.5	1	0	0	0	0.5	1	0	0	0	0.5	0.5	0	0	1	1	0	0.5	0.5	0.5	0.5	0.5	1	0.5	1	0.5	0.5
545	1	1	1	1	1	1	1	1	1	0.5	0.5	0.5	0.5	0.5	0.5	0.5	0.5	0.5	0.5	0.5	0.5	0.5	0.5	0.5	0.5	0.5	0.5	0	0	0	0.5
551	0	0	0	0	0	0	0.5	0.5	0.5	0.5	0.5	0	0.5	0.5	0.5	0.5	0	0	0	0.5	0.5	0	0	0	0	1	0	1	0	0	0
553	0	0.5	0.5	1	1	0.5	1	0.5	0.5	0.5	0	1	0.5	0.5	0.5	0.5	1	0.5	0	0.5	0	0.5	1	1	0.5	1	0.5	0.5	0.5	0.5	1
554	1	0	0.5	0.5	0.5	0	0	0.5	1	1	1	0.5	0	0	1	0.5	0.5	0.5	0	0	0.5	0	0	0	0	0	0	0	0	0	0.5
558	0	0	1	0.5	0.5	0.5	0.5	1	1	1	0	0.5	0.5	0	0	0.5	0.5	1	0.5	0.5	1	0	0	0.5	1	0.5	1	1	0.5	1	0.5
560	0	0	0	0.5	1	0.5	1	1	0.5	0	0	1	1	1	0.5	0	0	1	1	1	0.5	0.5	1	0.5	1	1	1	0	0.5	1	1
561	0	0	0.5	0.5	0.5	0.5	0.5	0.5	1	0	1	0.5	1	0.5	0.5	0.5	0.5	0	0	0	1	1	0	0.5	1	0.5	0.5	1	0	0.5	0.5
563	0	1	1	1	0.5	1	1	0.5	0.5	1	1	0.5	0	1	1	0.5	0.5	1	1	0.5	1	0	1	1	0.5	1	1	1	1	1	1
566	0	0	0	0	0	0	0	0	0	0	0	0	0	0	0	0	0	0	0	0	0	0	0	0	0	0	0	0	0	0	0
568	1	1	1	1	1	1	1	1	0.5	1	1	1	0.5	1	0.5	1	1	1	1	1	1	1	0.5	0.5	1	1	1	1	1	1	0.5
569	0	1	0	1	1	1	1	0.5	0.5	1	1	0.5	1	1	1	1	0.5	1	1	0.5	1	1	1	1	1	0.5	0.5	0.5	0.5	1	1
573	0	1	0	0	0.5	0	0.5	0	1	0	0.5	0.5	0	0.5	0	0	0	0.5	1	0.5	0	0	0	0	1	0.5	0	0	0.5	0.5	0
574	0	0.5	0.5	0.5	0	0.5	0.5	0	0.5	1	0.5	1	0.5	0.5	0	0.5	0	0	0.5	0.5	0.5	0.5	0	0	0.5	1	0	0.5	0.5	0.5	0
576	0	0.5	0.5	0.5	1	0.5	0	0	1	0.5	0.5	0.5	0.5	0	0.5	1	0.5	0.5	1	0.5	0.5	0.5	0	0.5	1	0	0	0.5	0	0.5	1
578	0.5	0.5	0.5	0.5	0.5	0	0.5	0.5	0.5	1	0	0	0	0.5	1	0.5	0.5	0.5	0	0.5	0	0	0	0	0	0	0	0	0	0	0
582	1	1	1	1	1	1	1	1	1	1	1	1	1	1	1	1	1	1	1	1	1	1	1	1	1	1	1	1	1	1	1
584	0	1	0.5	0.5	1	0	0	0.5	1	1	1	0.5	0.5	0.5	0.5	1	0.5	1	0.5	0.5	0.5	1	0.5	0	0	0.5	0.5	0.5	0	0.5	0.5
589	0.5	0	0.5	1	1	1	0.5	0	0	0.5	1	0.5	1	1	1	1	0.5	0	0	1	0.5	0.5	1	0.5	0.5	0.5	1	1	1	0.5	0.5
590	1	1	1	1	0.5	1	1	1	0.5	0.5	1	1	0.5	1	1	1	1	1	1	1	1	1	1	1	1	1	1	1	0.5	1	1
598	1	1	1	1	1	1	1	1	1	1	1	1	1	1	1	1	1	1	1	1	1	1	1	1	1	1	1	1	1	1	1
604	0	0.5	1	1	1	1	1	1	0.5	1	1	0.5	0.5	0	1	1	1	0.5	1	1	0.5	1	1	0.5	1	0.5	1	1	0.5	1	1
610	0	1	1	1	1	1	1	1	1	1	1	1	1	1	1	1	1	1	1	1	1	1	1	1	1	1	1	1	1	1	1
612	0.5	1	1	1	1	1	1	1	0.5	1	1	1	1	1	1	1	1	1	0.5	1	1	1	1	1	1	1	1	1	1	1	1
613	0	0	0	0	0	0	0	0.5	0	0	0.5	0	0	0	0	0	1	0	0	0.5	0	0.5	0	0	0	0	0	0	0	0	0
619	0	1	1	1	1	1	1	1	1	1	1	0.5	1	1	1	1	1	1	1	1	1	1	1	1	1	1	1	1	1	1	1
621	0	0	0	0	0	0	0	0.5	0.5	0	0	0	0	0	0.5	1	0.5	0	0.5	1	1	0	0.5	1	0.5	0	0.5	0	0.5	0	0
622	1	1	1	1	1	1	1	1	1	1	1	1	1	1	1	1	1	1	1	1	1	1	1	1	1	1	1	1	1	1	1
623	0	1	0.5	1	1	1	1	1	1	1	1	0.5	1	0.5	0.5	1	0.5	1	1	1	1	1	0.5	1	1	1	1	1	1	1	1
632	0	1	0.5	0.5	0	0	0	0	0	0.5	0.5	0.5	0	0.5	0	0.5	0.5	0.5	0	0	0.5	0	0	0.5	0.5	0	0	0	0	0.5	0
640	0	0.5	1	1	1	1	1	1	1	0.5	1	1	1	1	0.5	1	0	1	1	1	1	0.5	1	1	1	1	1	0	1	1	1
642	1	1	0.5	0.5	0	0	0	0	0	0	0	0	0	0	0	0	0	0	0	0	0	0	0	0	0	0	0	0	0	0	0
648	1	1	1	1	1	1	1	1	1	1	1	1	1	1	1	1	1	1	1	1	1	1	1	1	1	1	1	1	1	1	1
650	0	0	1	0.5	0.5	0.5	0	0.5	0.5	1	0.5	0.5	0.5	0.5	0	0	0.5	0.5	0	0.5	0	1	0.5	0.5	1	0	0.5	0.5	0.5	0.5	0
655	0	0	0	0.5	0	0	1	1	0	0	0	0	0	0	0	0	0	0	0	0	0	0	0	0.5	0.5	0	0	0	0	0	0
656	0	1	1	1	1	1	1	1	1	1	1	1	1	1	1	1	1	1	1	1	1	1	1	1	1	1	1	1	1	1	1
657	1	1	1	1	1	1	1	1	1	1	1	1	1	1	1	1	1	1	1	1	1	1	1	1	1	1	1	1	1	1	1
660	0	1	0.5	0.5	0.5	1	0.5	1	1	1	1	1	1	0.5	1	0.5	1	1	1	1	1	0.5	1	1	1	0.5	1	1	1	1	0.5
661	0	1	1	1	1	1	0.5	1	1	1	1	0.5	1	1	1	1	1	1	1	1	1	0.5	1	1	1	1	0.5	1	1	1	1
663	0	0	0	0	0	0	0	0	0.5	0	0	0	0	0.5	0.5	0	0.5	0	0.5	0	0.5	0	0	0.5	0	0	0	0	0	0	0
665	0.5	0.5	1	1	0.5	1	1	1	1	0.5	0.5	1	1	1	1	1	1	1	1	1	1	1	1	1	1	0	1	1	0.5	1	1
669	0	0	0.5	0.5	0.5	0	0.5	0.5	0	0.5	0	0.5	0	0	0	0	0	0	0	0.5	0	0	0.5	0.5	0	0	0	0	0	0	0
671	1	0.5	0	0.5	0	0	0	0	0	0	0	0	0	0	0	0	0.5	0.5	0	0	0	0	0	0	0	0	0	1	0.5	0.5	0
679	0	0.5	0	0	0	0	0	0	0	0	0	0	0	0	0	0	0	0	0	0	0	0	0	0	0	0	0	0	0	0	0
680	1	0	0	0	0	0.5	0	0	0	0	0	0	0	0	0	0	0	0	0	0	0	0	0	0	0	0	0	0	0	0	0
686	0	0	0	0	0	0	0	0	0	0	0	0	0	0	0	0	0	0	0	0	0	0	0	0	0	0	0	0	0	0	0
700	0	1	1	1	1	1	1	1	0.5	1	1	0.5	1	1	0.5	1	1	1	1	1	1	1	0.5	1	1	1	0.5	0.5	1	0.5	1
704	0	1	1	1	0.5	1	0.5	1	0.5	1	0	1	1	1	0.5	0.5	0.5	0.5	1	1	0.5	1	1	0.5	1	1	0.5	1	1	1	0.5
705	0	0	0	0.5	0.5	0	0.5	0.5	0	0.5	0.5	0.5	0.5	0.5	0.5	0.5	0.5	0	0	0	0	0	0	0.5	0	0	0	0	0.5	0.5	0
706	0	0.5	0.5	0.5	0	0	1	0.5	0.5	0.5	0	0.5	1	0.5	0.5	0.5	0.5	0	0	0	0.5	0.5	0.5	1	0	0.5	0.5	1	1	0.5	0.5
707	1	1	1	1	1	1	1	1	1	1	1	1	1	1	0.5	1	1	1	1	1	1	1	1	1	1	1	1	1	1	1	1
709	0	0	0	0	0	0	0	0	0	0	0	0	0	0	0	0	0	0	0	0	0	0	0	0	0	0	0	0.5	0.5	0	0
713	0	0.5	0.5	1	1	1	0.5	1	1	1	1	1	0.5	1	1	0.5	1	0.5	0.5	0.5	1	1	1	1	1	0.5	0.5	0.5	1	1	1
716	0	0.5	0.5	0.5	1	1	1	0.5	0	0.5	0.5	1	0.5	1	0	0.5	1	1	1	1	0.5	1	0.5	0.5	1	0.5	0.5	1	0.5	1	1
721	0	0.5	0	1	1	0.5	0.5	0.5	0.5	0	0.5	0.5	0	0.5	0	0.5	0.5	1	0.5	1	0	1	1	1	0	0	0	1	1	0.5	1
722	0.5	0.5	1	1	0.5	0.5	1	1	1	1	1	1	1	0.5	1	1	1	1	1	0.5	1	1	0.5	1	1	1	0.5	1	1	1	0
726	0	0.5	1	1	0	0.5	0	0.5	1	0.5	1	1	0.5	0.5	1	1	0.5	0.5	0	1	1	1	1	0.5	0.5	0.5	0.5	0.5	0	0.5	1
728	1	1	1	1	1	1	1	1	1	1	1	1	1	1	1	1	1	1	1	1	1	1	1	1	1	1	1	1	1	1	1
732	0	1	1	1	1	1	1	1	1	1	1	1	1	1	1	0.5	1	0.5	1	1	1	1	1	1	1	1	1	1	1	1	1
735	1	1	1	1	1	1	1	1	1	1	1	1	1	1	1	1	1	1	1	1	1	1	1	0.5	1	1	1	0.5	1	1	1
737	0.5	1	1	1	1	1	1	1	1	1	1	1	1	1	1	1	1	1	1	1	1	1	1	1	1	1	1	1	1	1	1
739	0.5	1	1	1	1	1	1	1	1	1	0.5	1	1	1	1	1	1	1	0.5	1	1	0.5	1	1	0.5	1	1	1	1	1	1
745	0	0	0	1	0.5	0	0.5	0	0	0.5	0	0	0	0.5	0	0.5	0.5	0	0	0	0.5	0.5	0.5	0	0	0	0	0	0	0	0.5
751	0	1	1	1	0.5	1	1	1	1	1	1	0.5	1	1	0.5	1	1	1	1	1	1	1	1	1	1	1	1	1	1	1	1
753	0	1	1	1	1	1	1	1	1	1	1	1	1	1	1	1	1	1	1	1	1	1	1	1	1	1	1	1	1	1	1
754	0	0	0	0	0	0	0	0.5	0	0.5	0	0	0.5	0	0.5	0.5	0	0	1	0	0	0	0	0	0	0.5	0	0	0.5	0	0
755	1	0	0	0	0	0	0	0	0	0	0	0	0	0	0	0	0	0	0	0	0	0	0	0.5	0.5	0.5	0.5	0	0	0	0
758	1	1	1	1	1	1	1	1	1	1	1	1	1	1	1	1	1	1	1	1	1	1	1	1	1	1	1	1	1	1	1
759	0	1	1	1	1	0.5	1	0	0.5	0	0	0.5	0.5	0.5	1	1	1	0.5	0	1	1	1	0.5	0.5	0.5	0.5	1	0.5	1	1	0.5
762	1	0.5	0.5	1	1	1	1	0.5	0.5	1	0.5	0.5	0.5	1	0.5	1	0.5	1	1	0.5	0.5	0.5	1	1	0.5	1	1	1	1	1	0.5
764	1	1	1	1	1	1	1	1	1	1	1	1	1	1	1	1	1	1	1	1	1	1	1	1	1	1	1	1	1	1	1
765	0	0	0	0	0	0	0	0	0	0	0	0	0	0	0	0	0	0	0	0	0	0	0	0.5	0	0	0	0	0	0	0
768	0	1	1	1	1	1	1	1	1	1	1	1	1	1	1	1	1	1	1	1	1	1	1	1	1	1	1	1	1	1	1
772	1	1	1	1	1	1	1	1	1	1	1	1	1	1	0.5	1	1	1	1	1	1	1	1	1	1	1	1	1	1	1	1
773	0.5	1	1	1	1	1	1	1	1	1	1	1	1	1	1	1	1	1	1	1	1	1	1	1	1	1	1	1	1	1	1
777	0	1	0.5	1	1	1	1	1	1	1	1	1	1	1	1	1	1	1	1	1	1	1	1	1	1	1	1	0.5	1	1	1
787	1	1	1	1	1	1	1	1	1	1	0.5	1	1	0.5	0.5	1	1	1	1	1	1	1	1	1	1	1	1	1	1	1	1
790	1	1	1	1	1	1	0.5	0.5	0.5	1	1	1	1	1	1	1	0.5	0.5	0.5	0.5	0.5	0.5	0.5	0.5	0.5	0.5	1	1	1	1	1
795	0	0	0	0	0	0	0	0	0	0	0	0	0	0	0	0	0.5	0	0.5	0	0	0	0	0	0	0	0	0	0	0	0
797	0	0	0	0	0	0	0	0	0	0	0	0	0	0	0	0	0	0	0	0	0	0	0	0	0	0	0	0	0	0	0
798	0	0	0	0	0	0	0	0	0	0	0	0	0	0	0	0	0	0	0.5	0	0	0	0.5	0	0	0.5	0	0	0	0	0
799	1	1	1	1	1	1	1	1	1	1	1	1	1	1	0.5	1	1	1	1	1	1	0.5	1	1	1	1	1	1	1	1	1
800	0.5	1	1	1	1	1	1	0.5	1	0.5	1	1	0.5	1	1	1	0.5	1	1	1	1	1	1	1	1	1	0.5	1	1	1	1
803	1	1	1	1	1	1	1	1	1	1	1	1	1	1	1	1	1	1	1	1	0.5	1	1	1	1	1	1	1	1	1	1
808	1	1	1	1	1	1	1	1	1	1	1	1	1	1	1	1	1	1	1	1	1	1	1	1	1	1	1	1	1	1	1
809	0	1	1	1	1	1	1	1	1	1	1	1	1	1	1	1	1	1	0.5	1	1	1	1	1	1	0.5	1	1	1	1	1
815	0	0	0	0	0	0	0	0	0	0	0	0	0	0	0	0	0	0	0	0	0	0	0	0	0	0	0	0	0	0	0
816	0.5	1	0.5	1	0.5	0.5	1	0	0.5	0.5	1	1	1	1	1	0.5	1	0.5	0.5	0.5	0	0	0.5	0.5	0	1	0.5	1	1	1	1
817	1	1	1	1	1	1	1	1	1	1	1	1	1	1	1	1	1	1	1	1	1	1	1	1	1	1	1	1	1	1	1
821	0	0	0	0	0	0	0	0	0	0	0	0	0	0	0	0	0	0	0	0	0	0	0	0	0	0	0	0	0	0	0
824	1	1	1	1	1	1	1	1	1	1	1	1	1	1	1	1	1	1	1	1	1	1	1	1	0.5	0.5	1	0.5	1	1	1
825	0	0.5	1	0.5	1	1	0.5	1	1	1	1	0.5	1	1	1	1	1	1	1	0.5	1	1	1	1	1	1	1	1	1	0.5	1
830	0	0.5	1	0.5	0.5	0	0	1	0.5	0.5	0	0	0.5	0.5	0	0.5	0.5	1	0	0.5	0.5	1	0	0.5	0.5	1	0.5	0.5	0.5	1	0.5
833	1	1	1	1	1	1	1	1	1	1	1	1	1	1	1	1	1	1	1	1	1	1	1	1	1	1	1	1	1	1	1
834	0	1	1	1	0.5	1	1	1	1	1	0.5	1	1	1	1	1	1	1	1	1	1	1	1	1	1	1	1	1	0.5	1	1
836	0	0	0	0	0	0	0	0	0	0	0	0	0	0	0	0	0	0	0	0	0	0	0	0	0	0	0	0	0	0	0
844	1	1	1	1	1	1	1	1	1	1	1	1	1	1	1	1	1	1	1	1	1	1	1	1	1	1	1	1	1	1	1
846	1	1	1	1	1	1	1	0.5	1	1	1	1	1	1	1	1	1	1	1	0.5	0.5	1	1	1	1	1	1	1	1	1	1
847	1	0.5	1	0.5	0.5	0.5	1	0	0	0.5	0.5	1	0	0	0	0.5	0	0	0	1	1	0.5	1	0	0.5	0.5	0.5	0.5	0.5	0.5	0
849	0	0	0	0	0	0	0	0	0	0	0	0	0	0	0	0	0.5	0	0	0	0	0	0	0.5	0	0	0	0	0	0.5	0
850	1	1	1	1	1	1	0.5	1	1	1	1	1	1	1	1	1	1	1	1	1	1	1	0	1	1	1	1	1	1	1	1
851	0	0	0	0	0	0	0	0	0	0	0	0	0	0	0	0	0	0	0	0	0	0	0	0	0	0	0	0	0	0	0
858	1	1	1	1	1	1	1	1	1	1	1	1	1	1	1	1	1	1	1	1	1	1	1	1	1	1	1	1	1	1	1
860	0	0.5	0	0.5	0.5	0.5	0.5	0	1	0.5	0.5	0	0	0.5	0.5	0	1	0.5	0.5	0	0.5	0.5	0.5	1	1	0.5	1	0	0.5	0.5	1
863	1	1	1	1	1	1	1	1	1	1	1	1	1	1	1	1	1	0.5	1	1	1	1	1	1	1	1	1	1	1	1	1
864	0	0	0	0	0	0	0	0	0	0	0	0	0	0	0	0	0	0.5	0.5	0.5	0	0	0	0	0.5	0	0.5	0	0	0.5	0.5
870	1	0.5	0.5	1	1	0.5	0.5	0.5	0.5	1	1	1	1	1	1	1	1	1	1	0.5	1	1	1	0.5	1	1	1	1	1	0.5	1
872	1	1	1	1	1	1	1	1	1	1	1	1	1	1	1	1	1	1	1	1	1	1	1	1	1	1	1	1	1	1	1
876	1	1	1	1	1	1	1	1	1	1	1	1	1	1	1	1	1	1	1	1	1	1	1	1	1	1	1	1	1	1	1
880	0	0	0	0	0.5	0	0	0	0	0	0	0	0	0	0	0	0	0	0.5	0.5	0	0	0	0	0	0	0	0	0.5	0	0.5
885	0.5	0.5	0.5	1	0.5	0	1	0.5	1	1	1	1	0.5	0.5	1	0.5	0.5	1	0.5	0.5	1	1	1	1	1	0.5	0.5	1	0.5	1	0
887	0	0	0	0	0	0	0	0	0	0.5	0	0	0	0	0	0	0	0	0	0	0.5	0.5	0	0.5	0	0	0	0.5	0	0.5	0
890	0	1	1	1	1	1	1	1	1	1	1	1	0.5	1	1	1	1	1	1	1	1	1	1	1	1	1	1	1	1	1	1
892	1	1	1	1	1	1	1	1	1	1	1	1	1	1	1	1	1	1	1	1	1	1	1	1	1	1	1	1	1	1	1
893	1	1	1	1	1	1	1	1	1	1	1	1	1	1	1	1	1	1	1	1	1	1	1	1	1	1	1	1	1	1	1
894	0	0	0	0	0	0	0	0	0	0	0	0	0	0	0	0	0	0	0	0	0	0	0	0	0	0	0	0	0	0	0
895	0	0	0	0.5	0.5	0	0	0	0.5	0.5	0	0	0.5	0	0	0	0.5	0.5	0.5	0	0	0	0	0	0	0.5	0	0.5	0	0.5	0
896	1	1	1	1	1	1	1	1	1	1	1	1	1	1	1	1	1	1	1	1	1	1	1	1	1	1	1	1	1	1	1
898	1	1	1	1	1	0.5	1	1	1	1	1	1	0.5	0.5	1	1	1	1	1	1	1	1	1	1	1	1	1	1	1	1	1
899	0	0.5	0.5	1	0.5	1	0	1	1	1	1	0.5	1	0.5	0	1	0.5	0.5	0.5	0.5	0.5	0.5	0	0.5	0.5	0.5	0.5	1	0	0.5	0.5
900	1	0.5	1	1	1	1	1	1	1	1	1	1	1	1	1	1	1	1	1	1	0.5	1	1	1	1	1	1	1	0.5	1	1
903	0	0	0	0	0	0	0	0	0	0	0	0	0	0	0	0	0	0	0	0	0	0	0	0	0	0	0	0	0	0	0
907	0	0	0.5	1	1	1	1	1	0.5	1	0.5	1	1	0.5	0	0	1	0.5	0	0	0	0.5	0.5	1	1	1	0.5	1	1	0	0.5
914	0	0	0	0	0	0	0.5	0	0	0	0.5	0	0	0	0	0	0	0	0.5	0	0	0	0	0	0.5	0	0	0	0	0.5	0
918	0	0	0	0	0	0	0	0	0	0	0	0	0	0	0	0	0	0	0	0	0	0	0	0	0	0	0	0	0	0	0
920	0	0	0	0	0	0	0	0	0	0	0	0	0	0	0	0	0	0	0	0	0	0	0	0	0	0	0	0	0	0	0
921	0	0.5	0.5	0.5	1	0.5	0.5	1	0.5	0.5	1	1	0.5	0.5	1	0.5	0.5	1	0.5	0	1	1	1	0.5	0.5	0.5	1	0.5	0.5	0.5	1
922	0	0	0	0.5	0.5	1	1	1	0.5	1	0.5	1	0.5	0.5	1	1	1	1	0	1	1	0.5	0.5	0.5	0.5	1	1	1	0.5	0	0
925	1	1	1	1	1	1	1	0.5	0.5	0.5	0.5	0.5	0	0.5	0.5	0.5	1	1	1	1	1	1	1	1	1	1	1	1	0.5	0.5	0.5
927	0	0	0	0	0	0	0	0	0	0	0	0	0	0	0	0	0	0	0	0	0	0	0	0.5	0	0	0	0	0	0	0
930	0	0	0	0	0	0	0	0	0	0	0	0	0	0	0	0	0	0	0	0	0	0	0	0	0	0	0	0	0	0	0.5
931	1	1	1	1	1	1	1	1	1	1	1	1	1	1	1	1	1	1	1	1	1	1	1	1	1	1	1	1	1	1	1
937	1	0.5	0	0.5	0.5	0	0	1	0.5	0.5	0.5	0.5	1	1	0.5	0.5	1	0.5	0.5	0.5	0.5	1	0.5	0.5	1	0.5	1	0.5	0.5	1	0.5
939	0	0.5	0.5	1	1	0.5	1	0.5	0.5	0.5	0.5	0.5	1	0.5	0.5	1	0.5	0	0.5	0.5	1	0	0	0.5	0	0	0	0	0.5	0	1
941	1	1	0	0	0	0.5	0	0	0.5	0.5	0	0	0	0	0	0	0	1	0.5	0.5	0	0	0.5	0	0	0.5	0	0.5	0.5	0.5	0.5
949	0	1	1	0.5	0	0	1	0	0.5	0	0.5	0	0	0	0	0	0.5	0.5	0.5	0.5	0	0	0.5	0.5	0	0	1	0.5	0.5	0	0
950	1	1	1	1	1	1	1	1	1	1	1	1	1	1	1	1	1	1	1	1	1	1	1	1	1	1	1	1	1	1	1
951	1	0.5	0.5	1	1	0.5	0.5	1	1	0.5	1	1	1	1	1	1	0.5	1	1	1	1	1	1	1	1	1	1	1	1	1	1
952	0.5	1	1	1	1	1	1	1	1	1	1	1	1	1	1	1	1	1	0.5	1	1	1	1	1	1	1	1	1	1	1	0.5
953	0.5	1	1	1	1	1	1	1	1	1	1	1	1	1	1	1	1	1	1	1	1	1	1	1	1	1	1	1	1	1	1
954	0	1	0	0.5	1	0.5	1	0.5	1	0.5	1	1	0	0.5	0.5	1	0.5	0.5	0	0.5	1	0.5	0.5	0	0	0.5	1	0.5	1	0.5	0
955	1	1	1	1	0.5	0.5	1	1	1	1	1	1	0.5	1	1	0.5	1	1	1	1	1	1	1	1	1	1	1	1	1	1	1
962	0	0.5	0.5	0	1	0.5	0.5	0	0.5	0.5	0.5	0	1	0.5	0.5	0.5	1	1	0	0.5	1	0.5	0	0	0	0	1	0.5	0.5	0.5	0
963	0	1	1	1	0	0	0.5	0.5	1	0	0.5	1	0.5	1	1	0.5	0.5	0	1	0	0.5	0.5	1	0.5	1	0	0	0.5	0.5	1	0.5
966	1	0	0.5	0	0.5	1	1	0.5	0	1	1	0	1	1	0.5	0.5	1	1	0.5	1	1	0.5	1	1	0	0	0.5	0.5	1	0.5	1
970	1	1	1	1	1	1	1	1	1	1	1	1	1	1	1	1	1	1	1	1	1	1	1	1	1	1	1	1	1	1	1
974	1	1	1	1	1	1	1	1	1	1	1	1	1	1	1	1	1	1	1	1	1	1	1	1	1	1	1	1	1	1	1
976	1	1	0.5	0.5	1	1	1	1	1	1	1	1	1	1	1	1	1	1	1	1	1	1	1	1	1	1	1	1	1	1	1
977	0	0	0.5	0	0.5	0.5	0	1	0	0	0	0.5	0	0	0	0.5	0.5	1	0	0	0.5	0.5	0	0	0	0	0.5	0	0	0.5	1
980	0	0.5	0	0	0	0	0	0	0	0	0	0	0	0	0	0	0.5	0	0	0	0	0	0	0	0	0	0	0	0	0	0
987	0	0.5	1	1	1	1	1	1	1	1	1	1	1	0.5	0.5	1	1	1	0.5	1	1	1	0.5	0.5	0.5	1	1	1	0.5	1	1
989	0	0.5	0.5	0.5	0	0	1	0	0.5	1	0.5	0.5	0	0	0.5	0.5	0.5	0.5	0	0.5	0.5	0.5	0	0.5	0.5	0	0	0.5	0	0	0
998	0	0	0	0	0	0	0	0	0	0	0	0	0	0	0	0	0	0	0	0	0	0	0	0	0	0	0	0	0	0	0
1000	0	0	0	0	0	0	0	0	0	0	0	0	0	0	0	0	0	0	0	0	0	0	0	0	0	0	0	0	0	0	0
1001	0.5	0.5	0.5	0	0	0	0	0.5	0.5	0.5	0.5	0.5	0	0	0	0	0	0	0	0	0	0	0	0	0	0	0	0	0	0	0
1003	0	0	0	0	0	0.5	0.5	0.5	0.5	0	0	0	0.5	0.5	1	0.5	0.5	0	0.5	0.5	0.5	0.5	0	0.5	0	0.5	1	0.5	0.5	1	0
1005	0.5	0	0	0	0	0	0	0	0	0	0	0	0	0	0	0	0	0	0	0	0	0	0	0	0	0	0	0	0	0	0
1010	0	0.5	0	0	0	0.5	0.5	0.5	0.5	0.5	0.5	0	0	0.5	0.5	0	0	0.5	0	0	0	0.5	0	0	0	0	0.5	0	0.5	0	0
1011	0	0	0	0	0	0	0	0.5	0	0.5	0	0	0	0.5	0	0	0	0	0	0	0	0	0	0	0	0.5	0	0	0.5	0	0
1014	1	0	0	0	0	0	0.5	0	0	0	0	0	0	0	0	0	0	0	0.5	0.5	0.5	0.5	0	0	0	0	0	0	0	0	0
1015	0.5	0.5	1	1	1	0.5	1	1	1	1	1	1	1	1	1	1	1	1	1	1	1	1	1	1	1	1	1	1	1	1	1
1016	0	0	0	0.5	0	0	0	0	0	0	0	0	0.5	0	0	0	0.5	0	0	0	0	0	0	0	0.5	0	0.5	0	0	0	0
1021	0	1	0.5	0	0.5	0	0.5	0	0.5	0.5	0	0.5	0.5	0.5	0	0.5	0.5	0.5	0.5	0.5	0	1	0	0	0.5	0.5	0.5	0.5	1	1	0.5
1034	0	0	0	0	0.5	0	0	0	0	0	0	0.5	0.5	0.5	0.5	0.5	0	0	0	0	0	0	0.5	0	0	0	0	0	0	0.5	0
1041	0.5	0.5	1	1	1	1	1	1	1	1	1	1	1	1	0.5	0.5	1	1	0.5	1	1	0.5	1	1	1	1	1	1	1	1	1
1050	0	0.5	0	0.5	0.5	0	0	0	0	0	0	0	0	0	0	0	0	0.5	0	0	0	0	0	0	0	0	0	0	0	0	0
1053	1	1	1	1	1	1	1	1	1	1	1	1	1	1	1	1	1	1	1	1	1	1	1	1	1	1	1	1	1	1	1
1056	0	0	0	0	0	0	0	0	0	0	0	0	0	0	0	0	0	0	0	0	0	0	0	0	0	0	0	0	0	0	0
1060	0	0	0	0.5	0.5	0.5	0.5	0.5	0.5	0	0	0	0	0	0	0	0	0	0	0	0	0	0	0	0	0	0	0	0	0	0
1062	0.5	1	1	1	1	1	1	1	1	1	1	1	1	1	1	1	1	1	1	1	1	1	1	0.5	1	1	1	1	1	1	1
1063	0	1	0.5	1	1	1	1	1	1	1	1	0.5	1	1	1	1	1	1	1	1	1	0.5	1	1	1	1	1	1	1	1	1
1065	0	0.5	0	0.5	0.5	0	0.5	0	0	0.5	0.5	0	0.5	0.5	0.5	0	0	1	0	0.5	0	0	0	0.5	0.5	0.5	0.5	0.5	0.5	0	0.5
1073	1	0.5	0.5	0.5	0.5	0.5	0.5	0.5	0.5	0	0	0	0	0	0	0	0	0	0	0	0	0	0	0	0	0	0	0	0	0	0
1074	0	0.5	0	0	0	0	0	0	0	0	0	0	0	0	0	0	0	0	0	0	0.5	0	0.5	0	0	0	0	0	0	0	0
1082	0	1	1	0.5	0.5	0.5	1	0.5	0.5	0.5	0.5	0.5	1	0.5	1	0.5	1	0.5	1	0.5	0	1	0.5	0	1	0.5	0	0.5	1	1	0.5
1101	0	1	1	0.5	0.5	0	0	0	1	1	1	0	0.5	0	1	0.5	1	0	1	0.5	1	0	0	0	0.5	0	0.5	0.5	0	1	1
1104	1	1	1	1	1	1	1	1	1	1	1	1	1	1	1	1	1	1	1	1	1	1	1	1	1	1	1	1	1	1	1
1105	1	1	1	1	1	1	1	1	1	1	1	1	1	1	1	0.5	0.5	1	1	1	1	1	1	1	1	1	1	1	1	1	0.5
1107	0	0.5	0.5	0.5	0	0.5	1	0	1	0.5	0.5	1	0.5	0.5	0.5	0.5	0.5	0	1	0.5	1	0.5	0.5	1	0.5	0	1	0.5	1	1	0
1108	0	1	0	0	0	0	0	0	0	0	0	0	0	0	0	0	0	0	0	0	0	0	0	0	0	0	0	0	0	0	0
1109	0.5	0.5	0.5	0	0.5	0.5	0.5	0.5	0.5	0.5	0	1	1	0.5	0.5	0.5	1	0.5	0.5	1	0.5	0	0	0	0	0	0	0.5	0.5	0.5	0
1111	1	1	1	1	1	1	1	1	1	1	1	1	1	1	1	1	1	1	1	1	1	1	1	1	1	1	1	1	1	1	1
1112	0.5	1	1	0.5	1	1	1	1	1	1	1	1	1	1	1	1	1	1	1	1	1	1	1	1	1	1	1	1	1	1	1
1123	1	0.5	0	0	0	0	0	0	0	0	0	0	0	0	0	0	0	0	0	0	0	0	0	0	0	0	0	0	0	0	0
1126	1	1	1	1	1	1	1	1	1	1	1	1	1	1	1	1	1	1	1	1	1	1	1	1	1	1	1	1	1	1	1
1127	0	0.5	1	0.5	1	0.5	1	0	0.5	1	1	0.5	0.5	0.5	1	0.5	0.5	1	0.5	1	1	1	0.5	1	0.5	0.5	0.5	0	1	1	1
1130	0	1	1	1	0.5	1	1	1	1	1	1	1	1	1	1	1	1	1	1	1	1	1	1	1	1	1	1	1	1	1	1
1133	0.5	0.5	0	0	0	0	0	0	0	0	0	0	0	0	0	0	0	0	0	0	0	0	0	0	0	0	0	0	0	0	0
1138	0	0	0	0.5	0	0	0	0	0	0	0	0	0	0	0	0	0	0.5	0	0	0.5	0	0	0	0	0	0	0	0	0	0
1141	0	0.5	0.5	0.5	0.5	0.5	0.5	0.5	0	0	1	0	0	0.5	1	0	0.5	0	0.5	0.5	0	1	0.5	1	0.5	0.5	0.5	0.5	0.5	0	0.5
1144	0	0.5	0	0	0	0	0	0	0.5	0	0	0	0	0	0	0	0	0	0	0	0	0	0	0	0	0	0	0	0	0	0
1148	0	0.5	0	0.5	0	0	0.5	0.5	1	0.5	0	0.5	0.5	0	0	0.5	1	0.5	0.5	0.5	0	0.5	0	0	0	0.5	0.5	0.5	0.5	1	0
1150	1	1	1	1	1	1	1	1	1	1	1	1	1	1	1	1	1	1	1	1	1	1	1	1	1	1	1	1	1	1	1
1151	0	0	0	0.5	0.5	0	0	0.5	0.5	0	1	1	0	0.5	0	0.5	1	1	0	0.5	0	0.5	0.5	0.5	0.5	0	0	0.5	0	0	0.5
1153	0	0.5	0	0	0.5	0	0	0.5	0	0	0	0	0	0	0	0	0	0.5	0.5	0	0.5	0.5	0.5	0.5	0.5	1	0	0.5	0	0.5	0
1154	0.5	1	0.5	1	1	1	0	0.5	1	1	1	0.5	0	0	0.5	0.5	0.5	0.5	0	0	1	0.5	0.5	1	0	0.5	1	1	1	1	1
1157	0	0	0.5	1	0	0.5	0	1	1	1	0.5	0.5	0	0	0.5	1	0.5	0.5	0	0	0	0.5	0.5	0.5	0.5	0.5	0	0	0	0	1
1159	1	1	1	1	1	1	1	1	1	1	1	1	1	1	1	1	1	1	1	1	1	1	1	1	1	1	1	1	1	1	1
1160	1	1	1	1	1	1	1	1	1	1	1	1	1	1	1	1	1	1	1	1	1	1	1	1	1	1	1	1	1	1	1
1162	0	0.5	1	1	0.5	1	0.5	1	1	0.5	1	1	1	0.5	0.5	1	1	1	1	1	1	1	1	1	1	1	0.5	1	1	1	0.5
1163	0	1	1	1	1	1	1	1	1	1	1	1	1	1	1	1	1	1	1	1	1	1	1	1	1	1	1	1	1	1	1
1171	0	1	1	0.5	1	0.5	1	0.5	0.5	1	1	1	1	0.5	0.5	0	1	1	1	1	1	1	1	1	1	1	1	1	1	1	1
1172	0	0	0	0	0	0	0	0	0	0	0	0	0	0	0	0	0	0	0	0	0	0	0	0	0	0	0	0	0	0	0
1173	0	0	0	0	0	0	0	0	0	0	0	0	0	0	0	0	0	0	0	0	0	0	0	0	0	0	0	0	0	0	0
1180	1	1	1	1	1	1	1	1	1	1	1	1	1	0.5	1	1	1	1	1	1	1	1	1	1	1	1	1	1	1	1	1
1182	1	1	1	1	1	1	1	1	1	1	1	1	1	1	1	1	1	1	1	1	1	1	1	1	1	1	1	1	1	1	1
1185	0	0	0	0	0	0	0	0	0	0	0	0	0	0	0	0	0	0	0	0	0	0	0	0	0	0	0	0	0	0	0
1187	0	0.5	0	0	0.5	0	0.5	1	1	0.5	0	0	0.5	1	0.5	0.5	0	0	0.5	0.5	0.5	0.5	0.5	1	1	0	0.5	0.5	0	0	0
1189	1	0.5	1	0.5	1	1	0.5	0	0.5	1	0	0.5	0.5	0.5	0	0.5	0	0	0	0	0	0.5	0	0	0.5	0	0	0.5	0	0	0.5
1193	0	0	0	0	0	0	0	0	0	0	0	0	0	0	0	0.5	0	0	0	0	0	0	0	0	0	0	0	0	0	0	0
1194	0	0.5	0	0	0	0	0	0	0	0	0	0	1	0.5	0	0	0	0	0	0	0	0	0	0	0	0.5	0	0	0.5	0	0
1196	0	0.5	0	0	0	0	0	0.5	0	0	0	0	0	0	0	0	0	0	0	0	0	0	0	0	0	0	0	0	0	0	0.5
1198	1	1	1	1	1	1	1	1	1	1	1	1	1	1	1	1	1	1	1	1	1	1	1	1	1	1	1	1	1	1	1
1200	0	1	1	1	1	1	1	1	1	1	1	1	1	1	1	1	1	1	1	1	1	1	1	1	1	1	1	1	1	1	1
1203	0	1	1	1	1	1	1	1	1	1	1	1	1	1	1	1	1	1	1	1	1	1	1	1	1	1	1	1	1	1	1
1205	0	0	0	1	0.5	0.5	0	1	1	0.5	1	1	1	0.5	0.5	0.5	0.5	1	0	0.5	0.5	0	1	1	0.5	1	0.5	0.5	0.5	1	1
1209	0	1	1	1	1	1	1	1	1	1	1	1	1	1	1	1	1	1	1	1	1	1	1	1	1	1	1	1	1	1	1
1214	0	0	0	0	0	0	0	0	0	0	0	0	0.5	0	0	0	0	0	0	0	0	0	0	0	0	0	0	0	0	0	0
1228	1	1	1	1	1	1	1	1	1	1	1	1	1	1	1	1	1	1	1	1	1	1	1	1	1	1	1	1	1	1	1
1230	0	0	0	0	0	0	0	0	0	0	0	0	0	0	0	0	0	0	0	0	0	0	0	0	0.5	0	0	0	0	0	0
1238	0	0	0	0.5	0	0	0.5	0	0	0.5	0	0.5	0.5	1	0.5	1	0	0	0.5	0	0	0	0	0	0.5	0	0	0	0.5	0	0
1239	0	0.5	1	1	0	1	0.5	0.5	0.5	0	0.5	1	0.5	1	0.5	0.5	0.5	0.5	0.5	1	0.5	0.5	0.5	0.5	0.5	0.5	1	0.5	1	1	1
1240	1	1	1	1	1	1	1	1	1	1	1	1	1	1	1	1	1	1	1	1	1	1	1	1	1	1	1	1	1	1	1
1247	0.5	1	1	1	1	1	1	1	1	0.5	1	1	1	1	1	1	1	1	1	1	1	1	1	1	1	1	1	1	1	1	1
1252	1	1	1	1	1	1	1	1	1	1	1	1	1	1	1	1	1	1	1	1	1	1	1	1	1	1	1	1	1	1	1
1263	0	0.5	0	0.5	0.5	0	0	0	0.5	0	0	0.5	0.5	0	0	0	0.5	0	0.5	0	0.5	0.5	0	0	0	1	0.5	0	0	0	0.5
1273	0	0	0	0	0	0	0	0	0	0	0	0	0	0.5	0	0	0	0	0	0	0.5	0	0	0	0	0	0	0	0	0	0
1280	1	1	1	1	1	1	1	1	1	1	1	1	1	1	1	1	1	1	1	1	1	1	1	1	1	1	1	1	1	1	1
1282	0	1	1	1	1	1	1	1	1	1	1	1	1	1	1	1	1	1	1	1	1	1	1	1	1	1	1	1	1	1	1
1283	0	0.5	0	0	0	0	0	0	0	0.5	0	0	0	0	0	0	0	0	0	0	0	0	0	0.5	0	0.5	0	0	0	0	0
1284	0	0	0	0	0	0	0	0	0	0.5	0	0	0	0	0	0	0	0	0	0	0	0	0	0	0	0	0	0	0	0	0
1293	0	0	0	0	0	0	0.5	0	1	0.5	0.5	0.5	1	0	0	0	0.5	0	0	0.5	0.5	0.5	0.5	0.5	0.5	0	0	0	0	0	1
1295	0	1	0.5	0.5	1	1	1	1	1	1	1	1	1	1	1	1	1	1	1	1	1	1	1	1	1	1	1	1	1	1	1
1296	0	0.5	0.5	0.5	0.5	0	0.5	0.5	1	0.5	1	0	1	0.5	0	1	0	1	0	0.5	0.5	0	0	1	0.5	0.5	0.5	1	0.5	1	1
1297	0	1	1	1	1	1	1	1	1	1	1	1	1	1	1	1	1	1	1	0.5	1	1	1	1	1	1	1	1	1	0.5	1
1303	0	1	1	1	1	1	1	1	1	1	1	1	1	1	0.5	1	1	1	0.5	1	1	1	1	1	1	1	1	1	1	1	1
1306	1	1	1	1	1	1	1	1	1	1	1	1	1	1	1	1	1	1	1	1	1	1	1	1	1	1	1	1	1	1	1
1314	0	0	0	0	0	0	0.5	0.5	0.5	0	0.5	0	0	0	0	0	0	0	0	0	0	0.5	0	0	0	0	0	0	0	0	0
1315	1	1	1	1	1	1	1	1	1	1	1	1	1	1	1	1	1	1	1	1	1	1	1	1	1	1	1	1	1	1	1
1317	0	0.5	1	0.5	0	1	1	1	1	0.5	0.5	1	1	0.5	0.5	1	0.5	1	1	0.5	1	1	1	0.5	0.5	0.5	0	1	1	1	1
1324	0	1	1	1	1	1	1	1	1	1	1	1	1	1	1	1	1	1	1	1	1	1	1	1	1	1	1	1	1	1	1
1330	0	0	0	0	0	0	0	0	0	0	0	0	0	0	0	0	0	0	0	0	0	0	0	0	0	0	0	0	0	0	0
1334	1	1	1	1	1	1	1	1	1	1	1	1	1	1	1	1	1	1	1	1	1	1	1	1	1	1	1	1	1	1	1
1344	0	0	0	0	0	0	0	0	0	0	0	0	0	0	0	0	0	0	0	0	0	0	0	0	0	0	0	0	0	0	0
1346	1	1	0.5	0.5	0.5	1	1	0.5	1	0.5	0.5	0.5	0	0.5	0.5	0.5	0.5	1	1	1	1	1	1	1	1	0	0.5	0.5	1	1	1
1348	1	1	1	1	1	1	1	1	1	1	1	1	1	1	1	1	1	1	1	1	1	1	1	1	1	1	1	1	1	1	1
1356	0	1	1	1	0.5	0.5	0.5	1	1	0.5	0.5	1	1	0.5	0.5	0.5	0.5	0	0.5	1	0.5	0.5	1	1	1	1	1	0.5	0.5	0	0.5
1362	0	0.5	0	0.5	0	0	0	0	0	0	0	0	0.5	0	0	0	0	0	0.5	0.5	0	0	0	0.5	0	0	0	0	0.5	0.5	0
1363	0	1	0.5	0.5	0.5	0	0.5	0	0	0.5	0.5	0.5	0	0.5	0.5	1	0.5	0	0	0	0.5	0	0	0	0	0	0	0.5	0	0.5	0.5
1366	0	1	0.5	1	1	0.5	1	1	1	1	1	0.5	0.5	0	0.5	0.5	0.5	1	1	0.5	1	0.5	1	1	0	0.5	0.5	0.5	1	0.5	0.5
1367	1	0.5	0.5	0.5	0.5	0.5	0	0	0	0	0	0	0	0	0	0	0	0	0	0	0.5	0.5	0.5	0.5	0.5	0.5	0.5	0.5	0.5	0.5	0.5
1368	0	0	0.5	0	0.5	0	0.5	0	0	0.5	0	0.5	0.5	0	0	0.5	0	0.5	0	0.5	0	0	0	1	0.5	0	0.5	0	0.5	0	1
1373	1	1	1	1	1	1	1	1	1	1	1	1	1	1	1	1	1	1	1	1	1	1	1	1	1	1	1	1	1	1	1
1374	1	0.5	0.5	0.5	0.5	0	0	0	0	0	0	0	0	0.5	0	0	0.5	0	0	0	0	0.5	0.5	0.5	0.5	0.5	0.5	0.5	0.5	0.5	0.5
1376	1	1	1	1	1	1	1	1	1	1	1	1	1	1	1	1	1	1	1	1	1	1	1	1	1	1	1	1	1	1	1
1377	1	1	1	1	1	1	1	1	1	1	1	1	1	1	1	1	1	1	1	1	1	1	1	1	1	1	1	1	1	1	1
1378	0	0.5	0.5	0	0	1	1	0	0	0.5	0.5	0	0.5	1	1	1	0.5	0	0.5	0.5	0.5	0.5	0	0.5	0.5	0	1	1	1	0.5	1
1380	0	0.5	1	1	1	1	1	1	1	1	0.5	1	1	1	1	1	1	0.5	1	1	0.5	1	1	1	1	1	1	1	1	0.5	1
1390	0	0	0	0	0	0.5	0	0	0	0	0	0	0	0	0	0	0	0	0	0	0	0	0	0	0	0	0.5	0	0.5	0.5	0
1395	1	1	1	1	1	1	1	1	1	1	1	1	1	1	1	1	1	1	1	1	1	1	1	1	1	1	1	1	1	1	1
1408	0	0	0	0	0	0	0	0	0	0	0	0	0	0	0	0	0.5	0	0	0	0	0	0	0.5	0	0	0	0	0	0	0
1417	0	1	1	1	1	0.5	0.5	1	1	1	0.5	1	1	1	1	0.5	1	1	1	1	1	1	1	1	1	1	1	1	0	1	1
1421	0	0	0	0	0	0	0	0	0	0	0	0	0	0	0	0.5	0	0	0	0	0	0	0	0	0	0	0	0	0	0	0
1425	0	0	0	0	0	0	0	0	0	0	0	0	0	0	0	0	0	0	0	0	0	0	0	0	0	0	0	0	0	0	0
1429	0	0	0	0	0	0	0	0	0	0	0	0	0	0	0	0	0	0	0	0	0	0	0	0	0	0	0	0	0	0	0
1430	0	0	1	1	1	0.5	1	1	1	0.5	1	1	1	0.5	1	1	1	1	1	0.5	1	1	1	1	0.5	0.5	0	0.5	1	1	1
1436	0	0	0	0	0	0	0	0	0	0	0	0	0	0	0	0	0	0	0	0	0	0	0	0	0	0	0	0	0	0	0
1442	1	1	1	1	1	1	1	1	1	1	1	1	1	1	1	1	1	1	1	1	1	1	1	1	1	1	1	1	1	1	1
1445	0.5	1	1	1	1	1	1	1	1	1	1	1	1	1	1	1	1	1	1	1	1	1	1	1	1	1	1	1	1	1	1
1449	0	0.5	0.5	0	0.5	0.5	0.5	0.5	0.5	0	0.5	0	0	0	0.5	0	0	0	0	0	0	0	0	0	0.5	0	0	0.5	0	0	0
1453	0	0	0	0	0	0	0	0	0	0	0	0	0	0	0	0	0	0	0	0	0	0	0.5	0	0	0	0	0	0	0	0
1459	1	1	1	1	1	1	1	1	1	1	1	1	1	1	1	1	1	1	1	1	1	1	1	1	1	1	1	1	1	0.5	1
1460	0	1	1	1	1	1	1	0.5	1	1	1	1	1	1	1	1	1	1	1	1	1	1	1	1	1	1	1	1	0.5	1	1
1462	0	0	0	0	0	0	0	0	0	0	0	0	0	0	0	0	0	0	0	0	0	0	0	0	0	0	0	0	0	0	0
1466	0	0.5	0.5	0	0	1	0	1	0.5	0.5	0	0.5	0	0.5	0.5	0.5	0	0	0	0.5	0.5	0.5	0.5	0.5	0	0.5	0	0.5	0	0	0
1468	0	0	0.5	0.5	1	0.5	0.5	0	0	0	0	0	0	0	0.5	0.5	0	0	0.5	0.5	0.5	0.5	0.5	1	1	0.5	0.5	0.5	0	0.5	0
1470	0	1	1	0.5	0.5	1	1	0.5	0.5	1	1	0	1	0.5	0.5	0	1	1	1	0.5	0.5	0.5	1	0	0.5	0.5	0.5	1	0.5	0	1
1477	0	1	1	1	1	1	1	0.5	1	1	1	1	1	1	1	1	1	1	1	1	1	1	1	1	1	1	1	1	1	0.5	1
1480	1	1	1	1	1	1	1	1	1	1	1	1	1	1	1	1	1	1	1	1	1	1	1	1	1	1	1	1	1	1	1
1487	1	1	1	1	1	0.5	0.5	0.5	0.5	0.5	0.5	1	1	1	1	1	0.5	0.5	0.5	1	1	1	1	1	1	1	1	0.5	1	1	1
1493	1	1	1	1	1	1	1	1	1	1	1	1	1	1	1	1	1	1	1	1	1	1	1	1	1	1	1	1	1	1	1
1497	1	1	1	1	1	1	1	1	1	1	1	1	1	1	1	1	1	1	1	1	1	1	1	1	1	1	1	1	1	1	1
1499	0	0	0	0	0	0	0	0	0	0	0	0	0	0	0	0	0	0	0	0	0	0	0	0	0	0	0	0	0	0	0
1500	0.5	0.5	0	0	0	0	0	0	0	0	0	0	0	0	0	0	0	0	0	0	0	0	0	0	0	0	0	0	0	0	0
1510	1	1	1	1	1	1	1	1	1	1	1	0.5	1	1	1	1	1	1	1	1	1	1	1	1	1	1	1	1	1	0.5	1
1511	1	1	1	1	1	1	1	1	1	1	0.5	1	1	1	1	1	1	1	1	1	1	1	1	1	1	1	1	1	1	1	1
1517	0	0	0	0	0	0	0	0	0	0	0	0	0	0	0	0	0	0	0	0	0	0	0	0	0	0	0	0	0	0	0
1518	0	0.5	0	0	0	0	0	0	0	0	0	1	0	0	0.5	0.5	0.5	0	0	0.5	0	1	0	0.5	0	0	0.5	0	0.5	1	0.5
1522	1	1	0	0	0	0	0	0	0	0	0	0.5	0	0	0	0	0	0.5	0	0	0	0	0	0	0	0.5	0	0	0	0	0
1526	1	1	1	1	1	1	1	1	1	1	1	1	1	1	1	1	1	1	1	1	1	1	1	1	1	1	1	1	1	1	1
1529	0.5	1	1	1	1	1	1	1	1	1	1	1	1	1	1	1	1	1	1	1	1	1	1	1	1	1	1	1	1	1	1
1533	1	1	1	1	1	1	1	1	1	1	1	1	1	1	1	1	1	1	1	1	1	1	1	1	1	1	1	1	1	1	1
1537	0.5	0.5	1	1	1	1	1	1	1	1	1	1	1	1	1	1	1	1	1	1	1	1	1	1	1	1	1	1	1	1	0.5
1545	1	1	1	1	1	1	1	1	1	1	1	1	1	1	1	1	1	1	1	1	1	1	1	1	1	1	1	1	1	1	1
1553	0	0.5	0	0.5	0	0.5	0	0.5	0	0	1	0	0	0	0	0.5	0.5	0.5	0	0.5	0	0	0	0	0	0.5	0	0	0.5	0	0
1555	1	1	1	1	1	1	1	1	1	1	1	1	1	1	1	1	1	1	1	1	1	1	1	1	1	1	1	1	1	1	1
1556	0	0	0	0	0	0	0	0	0	0	0	0	0	0	0	0	0	0	0	0	0	0	0	0	0	0	0	0	0	0	0
1559	0	0	0.5	0.5	0.5	0	0.5	0.5	0.5	1	0	0	0.5	1	0.5	1	0.5	0.5	0	0.5	0.5	0.5	0	0.5	0	0.5	0	0	0.5	1	1
1560	1	1	1	1	1	1	1	1	1	1	1	1	1	1	1	1	1	0.5	1	1	1	1	1	1	1	1	1	1	1	1	1
1561	0.5	0	0.5	1	0.5	0.5	0.5	0.5	0.5	0.5	0	0.5	0.5	1	0.5	0.5	0	0	0	1	1	1	0	0	0	0	0	0	1	0.5	0.5
1569	0	0.5	0.5	0	0	0.5	0.5	0.5	0	0.5	0.5	0	0	0	0.5	0.5	0	0.5	0	0	0.5	0	0.5	0.5	0	0.5	0.5	0.5	0	0.5	0.5
1572	0	0.5	1	1	1	1	0.5	1	1	1	1	0.5	1	1	1	1	1	1	1	0.5	1	1	1	1	1	1	1	1	1	1	1
1584	1	1	1	1	1	1	1	1	1	1	1	1	1	1	1	1	1	1	1	1	1	1	1	1	1	1	1	1	1	1	1
1586	0	0.5	0.5	0.5	0	0	0	1	0.5	0	0.5	0.5	0.5	1	0	0.5	0.5	0	0	0	0	0	1	0.5	0	0	0.5	0.5	0.5	0.5	0.5
1591	1	1	1	1	1	1	1	1	1	1	1	1	1	1	1	1	1	0.5	1	1	1	1	1	1	0.5	1	1	1	1	1	1
1592	0.5	0.5	0.5	0	0	0	0	0	0	0	0	0	0	0	0	0	0.5	0	0	0	0.5	0.5	0.5	0.5	0.5	0	0	0	0	0	0
1594	0	0	0	0	0.5	0	0	0	0	0	0.5	0.5	0	0	0	0	0	0	0	0	0	0	0.5	0	0	0	0	0	0	0	0.5
1596	0	0.5	0	0	0.5	0.5	0	0	0	0.5	0.5	0.5	0	0.5	0	0	0.5	0	0	0	0	0.5	0	0	0	0	0.5	0	0	0	0
1597	1	1	1	1	1	1	1	1	1	1	1	1	1	1	1	1	1	1	1	1	1	1	1	1	1	1	1	1	1	1	1
1599	0	0	0	0	0	0	0	0	0	0	0	0	0.5	0.5	1	0.5	0	0	0	0	0	0	0.5	0	0	0.5	0	0	0	0.5	0.5
1601	0	0	0	0	0	0	0	0.5	0	0	0	0	0	0	0	0	0	0	0	0	0	0	0	0.5	0	0	0	0	0	0	0
1602	0.5	0.5	0.5	0.5	0.5	0.5	1	1	1	1	1	1	1	1	1	1	1	1	1	1	1	1	0.5	1	1	0.5	0.5	0.5	0.5	0.5	0.5
1605	1	1	1	1	1	0.5	1	1	1	1	0.5	0.5	1	0.5	1	1	0.5	1	1	1	1	1	1	1	1	1	1	1	1	0.5	0.5
1607	0	0.5	0.5	0.5	0.5	1	1	0.5	1	1	0.5	0.5	0.5	1	1	1	0	0.5	1	0.5	0	1	1	0.5	0.5	1	0.5	0.5	1	0.5	0
1608	1	0.5	0.5	0.5	0.5	0.5	0.5	1	1	0.5	0.5	1	1	1	1	1	1	1	0.5	0.5	1	1	1	0.5	1	0.5	0.5	0	0	0	0.5
1611	0	1	1	1	1	1	1	1	1	1	1	1	1	1	1	1	1	1	1	1	1	1	1	1	1	1	1	1	1	1	1
1615	0	0	0.5	0	0	0	0	0	0	0	0	0	0.5	0.5	0	0	0.5	0	0	0	0	0	1	0.5	0	0	0	0.5	0	0	0.5
1617	0.5	0.5	0.5	0.5	1	1	1	1	1	1	0.5	1	1	1	1	1	1	1	1	1	1	0.5	1	0.5	1	1	1	1	1	1	1
1619	0	1	0	0.5	0.5	1	0.5	1	0	0	0	0.5	0	0.5	0.5	1	1	0.5	0	0	0	1	0	0.5	1	0.5	0.5	0.5	0.5	0	0
1621	1	1	1	1	1	1	1	0.5	0.5	0.5	0.5	1	1	1	1	0.5	0	1	1	1	0.5	1	1	0.5	1	1	0	0.5	1	0.5	1
1622	0	0.5	0.5	1	1	1	0.5	1	0.5	1	1	1	0	0.5	1	0.5	1	0.5	0.5	1	0.5	0.5	1	0.5	0.5	1	1	1	1	0	1
1624	0.5	0.5	0	0	0	0	0	0	0	0	0	0	0	0	0	0	0	0	0	0	0	0	0	0	0	0	0	0	0	0	0
1627	1	1	1	1	1	1	1	1	1	1	1	1	1	1	1	1	1	1	1	1	1	1	1	1	1	1	1	1	1	1	1
1632	0	0.5	0.5	0	0	0	0	0	0	0	0	0	0	0	0	0	0	0	0	0	0	0	0	0	0	0	0	0	0	0	0
1635	0	0	0	0	0	0	0	0	0	0	0	0	0	0	0.5	0	0	0	0	0	0	0	0	0	0.5	0	0	0	0	0	0
1650	0	0	0	0	0	0	0	0.5	0.5	0	0	0	0	0	0.5	0	0	0.5	0	0	0	0.5	0	0	0	0	0	0.5	0	0	0
1654	1	1	0	0.5	0	0	0	0	0	0	0	0	0	0	0	0	0	0	0	0	0	0	0	0	0	0	0	0	0	0	0
1655	0	0	0	0.5	0	0.5	0	0.5	0.5	0.5	0	0	0	0	0	0	0	0	0	0	0	0	0	0	0	0	0.5	0	0	0	0
1656	0	0.5	1	1	1	1	1	1	1	1	1	1	1	1	1	1	1	1	1	1	1	0.5	1	1	1	1	1	0.5	0.5	1	0.5
1663	0	0	0	0	0	0	0	0	0	0	0	0	0	0	0	0	0	0	0	0	0	0	0	0	0	0	0	0	0	0	0
1666	0	0	0	0	0	0.5	0	0	0	0.5	0	0.5	0	0	0	0	0	0	0	0	0.5	0.5	0.5	0	0	0	0.5	0	0	0	0
1673	1	1	1	1	1	1	1	1	1	1	1	1	1	1	1	1	1	1	1	1	1	1	1	1	1	1	1	1	1	1	1
1674	1	0	0.5	0	0.5	0.5	0.5	0.5	0.5	0	0	0.5	0.5	0.5	0	0.5	0	0	0	0	0.5	0.5	0	0	0	0.5	0.5	0.5	0.5	0.5	0.5
1677	0	0	0	0	0	0	0	0	0	0	0	0	0	0	0	0	0	0	0	0	0	0	0	0	0	0	0	0	0	0	0
1678	0	0	0.5	0	0.5	0.5	0.5	1	0	0.5	0.5	1	0.5	0.5	0.5	0.5	0.5	0	0	0.5	0.5	0.5	0	0	0	0.5	0.5	0	0	0.5	0
1682	0	1	0.5	0.5	1	0	0.5	1	0	0.5	0.5	0.5	0	0	0	0.5	0.5	0.5	1	1	0.5	0	0.5	1	0	0.5	0.5	0	1	1	0.5
1684	0	0.5	1	1	1	1	1	1	0.5	1	1	0.5	1	1	1	0.5	0.5	1	1	1	1	1	0.5	1	1	1	0.5	1	1	1	1
1693	0	1	1	1	1	1	1	1	1	0	1	1	1	0.5	1	1	1	0.5	0.5	0	1	0.5	1	0.5	0.5	1	0.5	0.5	0	0.5	1
1694	0	1	1	1	1	1	1	1	1	1	1	1	1	1	1	1	1	1	1	1	1	1	1	1	1	1	1	1	1	1	1
1696	0	1	1	1	1	0.5	1	1	1	1	1	1	1	1	1	1	1	1	1	1	1	1	1	1	1	1	1	1	1	1	1
1697	0	0.5	0	0	0.5	0.5	0.5	0.5	0.5	0	0	0	0.5	1	0	0	0	0.5	0	0	0	1	0.5	0.5	0.5	1	1	0.5	0.5	0	0.5
1698	0.5	0.5	0	0	0	0	0	0	0	0	0	0	0	0	0	0	0	0	0	0	0	0	0	0	0	0	0	0	0	0	0
1701	1	1	1	1	1	1	1	1	1	1	1	1	1	1	1	1	1	1	1	1	1	1	1	1	1	1	1	1	1	1	1
1704	1	1	1	1	1	1	1	1	1	1	1	1	1	1	1	1	1	1	1	1	1	1	1	1	1	1	1	1	1	1	1
1709	0	0	0	0	0	0	0	0	0	0	0	0	0	0	0	0	0	0	0	0	0	0	0	0	0	0	0	0	0	0	0
1720	1	1	1	1	1	1	1	1	1	1	0.5	1	1	1	0.5	1	1	0.5	1	1	1	1	1	1	1	1	1	1	1	1	1
1721	0	0.5	0.5	0.5	0	0	1	0.5	0.5	0	1	0.5	0	0	0	1	0.5	1	0	1	0	0	0.5	0.5	0.5	0.5	0.5	1	0	0	0
1726	0	0	0	0	0	0	0	0	0	0	0	0	0	0	0	0	0	0	0	0	0	0	0	0	0	0	0	0	0	0	0
1730	0	1	1	1	1	1	1	1	1	1	1	1	1	1	1	1	1	1	1	1	1	1	1	1	1	1	1	1	1	1	1
1731	0	1	1	0.5	0	0.5	1	0.5	0.5	0	1	0	0	1	0.5	1	1	0	0.5	0.5	1	1	0.5	0.5	0	0.5	0.5	1	0.5	0.5	1
1732	0	0	0	0	0	0	0	0	0	0	0	0	0	0	0	0	0	0	0	0	0	0	0	0	0	0	0	0	0	0	0
1738	0	1	0	1	1	1	0.5	1	1	1	0	1	1	0.5	1	0.5	0	0.5	0.5	0.5	0.5	0	0.5	0.5	1	1	1	0	0.5	1	0.5
1740	0.5	0	0.5	0	0	0	0	0	0	0	0	0	0	0	0	0	0	0	0	0	0	0	0	0	0	0	0	0	0	0	0
1741	1	1	1	1	1	1	1	1	1	1	1	1	1	1	1	1	1	1	1	1	1	1	1	1	1	1	1	1	1	1	1
1745	0	0	0.5	0	0	0	0	0	0	0	0	0	0.5	0.5	0	0	0	0	0	0	0	0	0	0	0	0.5	0	0.5	0.5	0	0.5
1758	0	1	1	1	1	1	1	1	1	1	1	1	1	1	1	1	1	0.5	1	1	1	1	1	1	1	1	1	1	1	1	1
1761	0	0.5	0.5	1	1	1	1	1	1	0.5	1	0.5	1	1	0.5	0.5	1	1	1	1	1	0.5	1	0.5	1	1	1	1	0	1	1
1762	0	0	0	0	0	0	0	0	0	0	0	0	0	0	0	0	0	0	0	0	0	0	0	0	0	0	0	0	0	0	0
1763	1	1	1	1	1	1	1	1	1	1	1	1	1	1	1	1	1	1	1	1	1	1	1	1	1	1	1	1	1	1	1
1771	0	1	1	1	1	1	1	0.5	1	1	1	1	1	1	1	1	1	1	1	1	1	1	1	1	1	1	1	1	1	1	1
1775	0	1	1	1	1	1	1	1	1	1	1	1	1	1	1	1	1	1	1	1	1	1	1	1	1	1	1	1	1	1	1
1777	0	0	0	0	0	0	0	0	0	0	0	0.5	0	0	0	0	0	0	0	0	0	0	0	0	0	0	0	0	0	0	0
1779	0	1	0.5	1	1	1	1	1	1	1	0.5	1	1	1	1	1	1	1	1	1	1	1	1	1	1	1	1	1	1	1	1
1787	0	1	1	1	1	1	1	1	1	1	1	1	1	1	1	1	1	1	1	1	1	1	1	1	1	1	1	1	1	1	1
1789	0	0	0	0	0	0	0	0	0	0	0	0	0	0	0	0	0	0	0	0	0	0	0	0	0	0	0	0	0	0	0
1792	0	0.5	0	0	0	0	0	0	0	0	0	0	0.5	0	0	0	0	0	0	0	0	0	0	0	0	0	0	0	0	0	0
1795	0	0	0.5	0	0	0	0	0	0	0	0.5	0.5	0	0.5	0	0	0	0	0	0	0	0	0	0	0	0	0	0	0	0	0
1797	1	1	1	1	1	1	1	1	1	1	1	1	1	1	1	1	1	1	1	1	1	1	1	1	1	1	1	1	1	1	1
1799	0	0	0	0	0	0	0	0	0	0	0	0	0	0	0	0	0	0	0	0	0	0	0	0	0	0	0	0	0	0	0
1819	0	0.5	0	0.5	0.5	0	0	0.5	0	0	0	0	0	0.5	0	0	0	0	0	0	0	0.5	0.5	0	0.5	0.5	0.5	0.5	0	0	0
1820	1	0.5	0.5	0	0	0	0	0	0	0	0.5	0.5	0.5	0.5	0.5	0.5	0	0	0	0	0	0	0	0	0	0	0	0	0	0	0
1821	0	0	0	0	0	0	0	0	0	0	0	0	0	0	0	0	0	0	0	0	0	0	0	0	0	0	0	0	0	0	0
1822	0	0	0	0	0	0	0	0	0	0	0	0	0	0	0	0	0	0	0	0	0	0	0	0	0	0	0	0	0	0	0
1829	0	0	0	0	0	0	0	0	0	0	0	0	0	0	0	0	0	0	0	0	0	0	0	0	0	0	0	0	0	0	0
1830	0	0	0	0	0	0	0	0	0	0	0	0	0	0	0	0	0	0	0	0	0	0	0	0	0	0	0	0	0	0	0
1832	0	0	0	0	0	0	0	0	0	0	0	0	0	0	0	0	0	0	0	0	0	0	0	0	0	0	0	0	0	0	0
1835	0	1	0.5	0.5	0.5	0	0	0	0	0	0	0	0	0	0	0	0	0	0	0	0	0	0	0	0	0	0	0	0	0	0
1837	0	0	0	0	0	0	0	0	0	0	0	0	0	0	0	0	0	0	0	0	0	0	0	0	0	0	0	0	0	0	0
1839	1	0.5	0.5	0.5	0	0	0	0	0	0	0	0	0	0	0	0	0	0	0	0	0	0	0	0	0	0	0	0	0	0	0
1853	0	0	0	0	0	0	0	0	0	0	0	0	0	0	0	0	0	0	0	0	0	0	0	0	0	0	0	0	0	0	0
1854	0	0	0	0	0	0	0	0	0	0	0	0	0	0	0	0	0	0	0	0	0	0	0	0	0	0	0	0	0	0	0
1855	0	0	0	0	0	0	0	0	0	0	0	0	0	0	0	0	0	0	0	0	0	0	0	0	0	0	0	0	0	0	0
1859	0	0	0	0	0	0	0	0	0	0	0	0	0	0	0	0	0	0	0	0	0	0	0	0	0	0	0	0	0	0	0
1860	0	0	0	0	0	0	0	0	0	0	0	0	0	0	0	0	0	0	0	0	0	0	0	0	0	0	0	0	0	0	0
1861	0	0.5	0	0	0	0	0	0	0	0	0	0	0	0	0	0	0	0	0	0	0	0	0	0	0	0	0	0	0	0	0
1862	0	0	0	0	0	0	0	0	0	0	0	0	0	0	0	0	0	0	0	0	0	0	0	0	0	0	0	0	0	0	0
1865	1	0	0	0.5	0.5	0.5	0.5	0	0.5	0	0	0	0	0	0	0.5	0	0	0	0	0	0	0	0	0	0	0	0	0	0	0
1866	1	1	1	1	1	1	1	1	1	1	1	1	1	1	1	1	1	1	1	0.5	1	1	1	1	1	1	1	1	1	1	1
1868	0	0	0.5	0	0	0	0	0	0.5	0	0	0	0.5	0	0.5	0	0	0	0	0	0	0	0	0	0	1	0.5	0	0	0	0.5
1869	0.5	0	0	0	0	0	0	0	0	0	0	0	0	0	0	0	0	0	0	0	0	0	0	0	0	0	0	0	0.5	0.5	0
1871	0	1	0.5	0.5	0.5	0	0.5	0.5	1	0.5	1	1	0.5	1	0	0.5	1	0.5	0.5	0.5	0.5	0.5	1	0.5	0.5	1	1	0.5	0.5	0.5	0
1886	0	0	0	0	0	0	0	0	0	0	0	0	0	0	0	0	0	0	0	0	0	0	0	0	0	0	0	0	0	0	0
1888	0	0	0	0	0	0	0	0	0	0	0	0	0	0	0	0	0	0	0	0	0	0	0	0	0	0	0	0	0	0	0
1889	0	0.5	1	0	0	0	0	0	0	0	0	0	0	0	0	0	0	0	0	0	0	0	0	0	0	0	0	0	0	0	0
1893	1	1	1	1	1	1	1	1	1	1	1	1	1	1	1	1	1	1	1	1	1	1	1	1	1	1	1	1	1	1	1
1894	0	1	1	1	1	1	0.5	1	1	1	1	1	1	1	1	1	1	1	1	1	1	1	0.5	1	1	1	1	1	1	1	1
1897	0	1	1	1	1	1	1	1	1	1	1	1	1	1	1	1	1	1	1	1	1	1	1	1	1	1	1	1	1	1	1
1901	0	0.5	0.5	0	0	0	0	1	0.5	0	0	0	0	0.5	0	0	0	0	0	0	0	0	0	0	0	0	0	0	0	0	0
1915	1	1	1	1	1	1	0.5	0.5	0.5	0.5	0	0	0	0	0	0	0	0	0	0	0	0	0	0	0	0	0	0	0	0	0
1916	1	0.5	0	0	0	0	0	0	0	0	0	0	0	0	0	0	0	0	0	0	0	0	0	0	0	0	0	0	0	0	0
1917	0	0	0	0	0	0	0	0	0	0	0	0	0	0	0	0	0	0	0	0	0	0	0	0	0	0	0	0	0	0	0
1921	0	1	1	1	1	1	1	1	1	1	1	0.5	1	1	1	1	1	1	0.5	1	1	1	1	1	1	1	1	1	1	1	1
1926	0	1	1	1	1	0.5	1	1	0.5	0.5	0	0	0	0	0	0	0	0	0	0	0	0	0	0	0	0	0	0	0	0	0
1928	0	1	0.5	1	1	1	1	1	1	1	0.5	1	0.5	1	1	0.5	1	0.5	1	1	1	0.5	1	1	1	0.5	1	1	1	1	1
1932	0.5	1	0.5	0.5	1	1	0	0	0.5	0	0	0	0	0	0	0	0	0	0	0	0	0	0	0	0	0	0	0	0	0	0
1933	1	1	1	1	1	1	1	0.5	0.5	0	0	0	0	0	0	0	0	0	0	0	0	0	0	0	0	0	0	0	0	0	0
1936	0	1	0.5	1	0	0.5	0	0	1	1	0.5	0	0	1	0.5	0.5	0	0	0.5	0.5	0.5	0	0.5	0.5	1	1	0.5	0.5	0.5	0.5	1
1937	1	1	0.5	0	0.5	0	0	1	1	1	0.5	0	1	1	1	0.5	1	1	0.5	1	0.5	1	0.5	1	1	1	0.5	0.5	1	1	1
1940	1	1	1	1	1	1	1	1	1	0	0	0	0	0	0	0	0	0	0	0	0	0	0	0	0	0	0	0	0	0	0
1941	1	0.5	0.5	0.5	0	0	0	0	0	0	0	0	0	0	0	0	0	0	0	0	0	0	0	0	0	0	0	0	0	0	0
1944	0	0.5	0	0	0	0	0.5	0	0	0	0	0	0	0	0	0	0	0	0	0	0	0	0	0	0	0	0	0	0	0	0
1949	0	0	0	0	0	0	0	0	0	0	0	0	0	0	0	0	0	0	0	0	0	0	0	0	0	0	0	0	0	0	0
1965	0	0	0	0	0.5	0	0.5	0	0	0	0	0.5	0	1	0.5	0.5	0	0	0	1	0	0	0	0	0	0	0	0	0	0	0.5
1976	0	0	1	0.5	0.5	0.5	0	0	0	0.5	0	0	0	0	0	0	0	0	0	0	0	0	0	0	0	0	0	0	0	0	0
1980	0	0	0	0	0	0	0	0	0	0	0	0	0	0	0	0	0	0	0	0	0	0	0	0	0	0	0	0	0	0	0
1982	1	1	1	1	1	1	1	1	1	1	1	1	1	1	1	1	1	1	1	1	1	1	1	1	1	1	1	1	1	1	1
1986	0	1	1	1	1	1	1	1	1	1	1	1	1	1	1	1	1	1	1	1	1	1	1	1	1	1	1	1	1	1	1
1998	0	1	0.5	1	0.5	1	0.5	1	0.5	0.5	0	0	0	0	0	0	0	0	0	0	0	0	0	0	0	0	0	0	0	0	0
2008	0	0	0	0	0	0	0.5	0	0.5	0.5	1	0.5	0	1	0.5	0.5	0	0	0	0	0.5	0	0.5	0.5	1	0	0	0	0	0	0
2013	1	1	1	1	1	1	1	1	1	1	1	1	1	1	1	1	1	1	1	1	1	1	1	1	1	1	1	1	1	1	1
2016	0.5	0	0	0	0	0	0	0	0	0	0	0	0	0	0	0	0	0	0	0	0	0	0	0	0	0	0	0	0	0	0
2017	1	1	1	1	1	1	1	1	1	1	1	1	1	1	1	1	1	1	1	1	1	1	1	1	1	1	1	1	1	1	1
2019	0	0.5	1	0	0	0.5	0	0	1	0	0.5	0	0.5	0.5	0	1	0	0	0	0	0	0	0.5	0	1	0.5	0.5	0	0	0.5	0.5
2020	0	1	1	1	1	1	1	1	1	0.5	1	1	1	1	1	1	1	1	1	1	1	1	1	1	1	1	1	1	1	1	1
2021	0	0	0	0	0.5	0	0.5	0	0.5	0	0.5	0	0.5	0	0.5	1	0	1	1	0	0.5	0.5	0	0	0	0.5	0	0	0	0	0
2022	1	1	1	1	1	1	1	1	1	1	1	1	1	1	1	1	1	1	1	1	1	1	1	1	1	1	1	1	1	1	1
2023	0	0.5	0.5	0	0	0	0	0	0	0	0	0	0	0	0	0	0	0	0	0	0	0	0	0	0	0	0	0	0	0	0
2024	0	0	0	0	0	0	0	0	0	0	0	0	0	0	0	0	0	0	0	0	0	0	0	0	0	0	0	0	0	0	0
2039	0.5	0.5	1	1	0.5	1	1	0	0.5	0.5	0.5	1	1	0.5	0.5	0.5	0.5	0	0.5	0.5	0	0	0.5	1	1	0.5	0.5	0.5	0	0.5	0.5
2040	0	0.5	0.5	0.5	0.5	0.5	0.5	0	0.5	0.5	0.5	0.5	1	0	0	0.5	1	1	0.5	0.5	0.5	0.5	0	0	0.5	1	1	0.5	0.5	0.5	0
2045	0	0	1	0.5	1	1	0	0	0.5	0.5	0.5	1	0.5	0	0.5	0.5	0	0	0.5	1	0.5	0.5	0	0.5	0	0.5	0.5	0.5	0	1	0.5
2049	0	0	0	0	0.5	0	0	0	0	0	0	0	0	0	0	0	0.5	0	0	0.5	0	0	0	0	0	0.5	0	0	0	0	0
2055	0	0.5	1	1	1	0.5	1	0.5	0.5	0.5	0.5	1	1	0	0.5	0.5	0.5	1	0.5	1	0.5	1	1	1	1	1	1	1	0.5	0.5	1
2058	1	1	1	1	1	1	1	1	1	1	1	1	1	1	1	1	1	1	1	1	1	1	1	1	1	1	1	1	1	1	1
2061	0	0	0	0.5	0.5	0.5	1	0	0.5	0.5	0	0.5	0	0.5	0	0.5	0.5	0	0	0	0	0	0	0	0	0.5	0	0.5	0	0	0
2065	0	0	0.5	0.5	0	0.5	1	0.5	0	0.5	0.5	0.5	0.5	1	0	0.5	0.5	0.5	0	1	0.5	1	1	0.5	0.5	0	0	1	0.5	0.5	1
2066	0	0	0	0	0	0	0	0	0	0	0	0	0	0	0	0	0	0	0	0	0	0	0	0	0	0	0	0	0	0	0
2067	1	1	0.5	1	1	1	1	1	1	1	1	1	1	1	1	1	1	1	0.5	1	0.5	0.5	0.5	1	1	1	0.5	0.5	0.5	1	1
2069	0	0.5	1	0	0	0.5	1	0.5	0.5	0.5	0.5	0	0	0.5	0.5	0	0.5	0	0	0	0	0.5	0.5	0.5	0.5	0.5	0.5	1	0	1	1
2073	1	1	1	0.5	1	1	1	1	1	1	1	1	0.5	0.5	0.5	0.5	0.5	0.5	0.5	0.5	0.5	0.5	0	0	0.5	1	0.5	0.5	0	0	0
2075	0	0.5	1	0	0.5	0.5	0.5	1	1	0	0	1	0.5	1	0.5	0.5	1	0.5	0.5	0.5	0.5	0	0	0.5	1	0.5	0	1	0.5	0.5	0.5
2076	0	0	0	0	0	0	0.5	0	0	0	0	0	0	0.5	0	0	0	0.5	0	0	0	0	0	0	0	0	0.5	0	0	0	0
2077	1	0.5	1	0.5	1	1	0.5	1	1	0.5	1	1	1	0.5	1	1	1	1	1	1	0.5	0.5	0.5	0.5	1	0.5	1	1	1	1	1
2078	0	1	1	0.5	1	0.5	0.5	1	0.5	1	1	0.5	0	0.5	0	1	0.5	0.5	0.5	0.5	1	1	0.5	1	1	0.5	1	1	0.5	1	1
2082	0	0	0	0	0	0	0	0	0	0	0	0	0	0	0	0	0	0	0	0	0	0	0	0	0	0	0	0	0	0	0
2083	1	1	0.5	1	1	1	1	1	1	1	1	1	1	1	1	1	1	1	1	1	1	1	1	1	1	1	1	1	1	1	1
2091	0.5	0.5	0	0.5	0	0.5	0	1	0	0	0.5	1	0.5	0.5	0	0.5	0	0	0.5	0	0.5	1	0.5	0.5	1	0	0.5	0	0.5	0.5	0.5
2096	1	1	0.5	0.5	0	0	0.5	0.5	0.5	0	0	0	0	0	0	0	0	0	0.5	0.5	0.5	0	0	0	0	0	0	0	0	0	0
2097	1	1	1	1	1	1	1	1	1	1	1	1	1	1	1	1	1	1	1	1	1	1	1	1	1	1	1	1	1	1	1
2107	1	1	1	1	1	1	1	0.5	0.5	0.5	0.5	0.5	0.5	0.5	0.5	0.5	0	0	0	0	0	0	0	0	0	0	0	0	0	0.5	0.5
2109	0	1	1	1	1	1	1	0.5	1	0.5	0.5	1	1	1	1	0	1	0.5	1	1	0.5	1	1	1	1	0.5	1	0.5	0.5	1	0.5
2113	0	1	0	0.5	0	0	0	1	0.5	0.5	0	0.5	0.5	0	0.5	0	0	0	0	0	0.5	0	0.5	0	0	0	0.5	0	0	1	0
2118	0	1	1	1	1	1	1	1	1	1	1	1	1	1	1	1	1	1	1	1	1	1	1	1	1	1	1	1	1	1	1
2119	0	0	0.5	0	0	0	0	0	0	0	0	0.5	0	0	0	0.5	0	0.5	0	0	0	0	0.5	0.5	0.5	0	0	0.5	0	0	0
2120	0	0	0.5	0.5	0	0.5	1	0.5	0	0.5	0.5	0	0.5	0	0.5	0	0.5	0.5	0	0	0	0	0	0.5	0.5	0.5	0	0	0	0	0
2121	0	0	0	0	0	0	0	0	0	0	0	0	0	0	0	0	0	0	0	0	0	0	0	0	0	0	0.5	0	0	0	0
2123	1	1	1	1	1	1	1	1	1	1	0.5	0.5	0.5	0.5	0.5	0.5	0.5	0.5	0	0	0	0	0	0	0	0	0	0	0	0	0
2127	0	0	0.5	0	0	0	0	0	0	0	0	0	0	0	0	0	0	0	0	0	0	0	0	0	0	0	0.5	0	0	0	0
2139	0	0.5	1	1	0.5	0	0	1	0	1	0	0.5	0.5	0.5	0.5	0	0	0.5	1	0.5	0.5	1	0.5	0	0	0	0	0.5	0	0.5	0.5
2141	0	0	0.5	0	0.5	0.5	0.5	1	0	0.5	0	0.5	0	0.5	0	0	0	0.5	0.5	0	0.5	0	0	0	0.5	0.5	0.5	0.5	0	0	0.5
2144	1	1	1	1	1	1	1	1	1	1	1	1	1	1	1	1	1	1	1	1	0.5	0.5	1	1	1	1	1	0.5	1	1	1
2147	0	1	1	0.5	0.5	1	1	0.5	0.5	1	1	1	0.5	0.5	1	0.5	0.5	1	1	0.5	1	1	1	1	0.5	1	1	1	1	0.5	0.5
2148	0.5	1	0.5	0.5	1	1	1	1	1	0.5	0.5	1	1	1	1	1	1	1	1	1	1	1	0.5	1	0.5	0.5	1	1	1	1	1
2153	0	0	0	0.5	0	0	0	0	0.5	0	0	0	0	0	0	0	0	0	0	0	0.5	0	0	0	0.5	0.5	0	0	0	0	0
2154	0	1	0	0	1	1	0.5	1	1	1	0.5	1	0.5	1	1	0.5	0.5	1	0.5	0	0.5	1	1	1	1	0.5	1	1	1	0	1
2158	1	1	1	1	1	1	1	1	1	1	1	1	1	1	1	1	1	1	1	1	1	1	1	1	1	1	1	1	1	1	1
2160	0	0	0	0	0	0	0	0	0	0	0	0	0	0	0	0	0	0	0	0	0	0	0	0	0	0	0	0	0	0	0
2164	0	0	0	0	0	0	0	0	0	0	0	0	0	0	0	0	0.5	0	0	0	0	0	0	0	0	0	0.5	0	0	0	0
2166	0	0	0	0.5	0	0.5	0	1	0	1	0.5	0	0.5	0.5	1	0.5	0	0.5	0.5	0	1	0.5	1	1	0.5	1	0	1	0	0.5	0
2167	0	0	0	0.5	0	0	0	0	0	0	0	0	0	0	0	0	0	0	0	0	0	0	0	0	0	0	0	0	0	0	0
2175	0.5	0	0	1	0	0.5	0.5	0	0	0.5	0	0	0.5	0.5	0	0	0	0	0.5	0.5	0	0.5	0	0	0	0	0	0.5	1	0.5	0.5
2183	0	0	0.5	0	0	0	0	0	0	0	0	0	0.5	0	0	0	0	0	0	0	0	0	0	0	0	0	0	0	0	0	0.5
2189	1	1	1	1	1	1	1	1	1	1	1	1	1	1	1	1	1	1	1	1	1	1	1	1	1	1	1	1	1	1	1
2194	0	0	0	0	0	0	0	0	0	0	0	0	0	0	0	0	0	0	0	0	0	0	0	0	0	0	0	0	0	0	0
2199	0	0	0	0.5	0	0	0	0	0	0.5	0.5	0	0	0	0	0	0	0	0	0	0	0	0	0	0	0	0	0	0	0	0
2204	0	0.5	0	0.5	0.5	0	0	0	0.5	0.5	0.5	0.5	0.5	0	0	0	0	0	0	0	0.5	0	0	0.5	0	0.5	0.5	0	1	0.5	0.5
2209	0	1	0.5	0.5	0	0.5	0.5	0	0.5	0.5	0.5	0	0	0.5	0	1	0.5	1	0.5	0	1	0.5	0.5	0.5	1	0	0.5	0.5	0	0.5	0.5
2213	1	0.5	0.5	0.5	1	1	1	0.5	0.5	0.5	1	0.5	0.5	0.5	0.5	0	0	0	0	0	0	0	0	0	0	0	0	0	0	0	0
2222	1	0.5	0.5	0.5	0.5	0.5	0.5	0.5	0.5	0.5	0.5	0.5	0	0	0	0	0	0.5	0.5	0.5	0.5	0.5	0.5	0.5	0.5	0.5	0.5	0.5	0.5	0.5	0.5
2226	0	0	1	0	0.5	0	0.5	0	0	0	0.5	0.5	0	0	0	0	0	0	0	0	0.5	0.5	0	0.5	0.5	0	1	1	0.5	0.5	0.5
2231	1	0.5	0.5	0	0	0.5	0	0.5	0.5	0	0.5	0	0	0	0	0	0	0	0	0.5	0.5	0.5	0.5	0	0.5	0	0	0.5	0.5	0.5	0.5
2234	0	0	0.5	1	0	1	0.5	1	0.5	0.5	0.5	0.5	0.5	1	1	1	1	1	1	1	1	1	0.5	0.5	1	0.5	0	0.5	1	0.5	1
2239	0.5	0	0.5	0	0.5	0	0	0	0	0	0.5	0.5	1	0.5	1	0.5	0.5	0	0.5	1	0.5	0	0	0	0	0	0	0	0.5	0.5	0.5
2241	0	0	0	0	0	0	0	0	0	0	0	0	0	0	0	0	0	0	0	0	0	0	0	0	0	0	0	0	0	0	0
2243	0	1	0	0	0.5	0.5	0	0	0	0.5	0	0	0	0	0	0	0	0	0.5	0	0.5	0.5	0	0	0	0	0	0	0	0	0
2246	0	1	1	1	0.5	1	1	0	0.5	1	1	1	1	1	1	0	1	1	0	1	1	1	1	0.5	0	0.5	0.5	0.5	0.5	0	1
2248	0	0	0	0	0	0	0	0	0	0	0	0	0	0	0	0	0	0	0	0	0	0	0	0	0	0	0	0	0	0	0
2253	1	1	1	1	1	0.5	0.5	0.5	0	0	0	0	0.5	1	0.5	0.5	0.5	0	0	0	0	0.5	0.5	0	0.5	0	0	0	1	0.5	0.5
2261	0	0.5	0	1	0	0.5	0	1	0.5	0	0	0	0	0	0	0.5	0.5	0	0	0	0	0	0	0.5	0	0	0	0	0	0	0
2262	1	1	1	0.5	0.5	1	0.5	0.5	0	0.5	0.5	0.5	0	0.5	1	0.5	0.5	0	0	0	0	0.5	0.5	0.5	0.5	0	0	0.5	0	1	1
2265	1	1	1	1	1	1	1	1	1	1	1	1	1	1	1	1	1	1	1	1	1	1	1	1	1	1	1	1	1	1	1
2266	0	0	0	0	0	0	0	0	0	0	0	0	0	0	0	0	0	0	0	0	0	0	0	0	0	0	0	0	0	0	0
2267	0	1	0	0.5	0.5	0.5	0.5	0.5	0.5	0	0.5	0	0	0.5	1	0.5	0.5	0	0.5	0.5	0	0.5	0.5	1	0	1	0.5	0.5	0.5	1	0.5
2273	1	1	1	1	1	1	0.5	1	1	1	1	1	1	0.5	0.5	0.5	0.5	0.5	0.5	0.5	0.5	0.5	0.5	1	1	1	1	1	0.5	0.5	0.5
2275	0	0	0	0	0.5	0	0	0	0	0	0	0	0	0	0	0	0	0	0	0	0	0	0	0	0	0	0	0	0	0	0
2277	1	1	1	1	1	1	1	1	1	1	1	1	1	1	1	1	1	1	1	1	1	1	1	1	1	1	1	1	1	1	1
2278	0	0	0	0	0	0	0	0	0	0	0	0	0	0	0	0	0	0	0	0	0	0	0	0	0	0	0	0	0	0	0
2280	1	0.5	0	0	0	0	0	0	0	0	0	0	0	0	0	0	0	0	0	0	0	0	0	0	0	0	0	0	0	0	0
2281	0	0	0	0	0	0	0	0	0	0	0	0	0	0	0	0	0	0	0	0	0	0	0	0	0	0	0	0	0	0	0
2283	0	0	0	0.5	0.5	0	0	0.5	0	0	0.5	0.5	0	0	0	0	0	0	0	0	0	0	0	0.5	0.5	0	0	0	0	0	0.5
2285	0	0	0	0	0	0	0	0	0	0.5	0.5	0	0	0	0	0	0	0	0	0	0	0	0	0	0	0	0	0	0	0	0
2297	0	0.5	0	0	0	0	0	0	0	0	0	0.5	0	0	0	0	0	0	0	0	0	0.5	0	0	0	0	0	0	0	0.5	0.5
2302	0	1	1	1	1	1	1	0.5	1	1	1	1	1	1	1	1	0.5	1	1	1	1	1	1	0.5	0	1	1	1	0.5	1	1
2304	1	1	1	1	1	1	1	1	1	1	1	1	1	1	1	1	1	1	1	1	1	1	1	1	1	1	1	1	1	1	1
2311	0	0	0	0	0	0	0	0.5	0.5	0	0	0	0	0	0	0	0	0	0	0	0	0	0	0	0	0	0	0	0	0	0
2316	0.5	0.5	1	1	1	1	1	1	1	1	1	1	1	1	1	1	1	1	1	1	1	1	1	1	1	1	1	1	1	1	1
2319	1	0	0	0	0	0	0	0	0	0	0	0	0	0	0	0	0	0	0	0	0	0	0	0	0	0	0.5	0	0	0	0
2320	0	0	0	0	0	0	0	0	0	0	0	0	0	0	0	0	0	0	0	0	0	0	0	0	0	0	0	0	0	0	0
2322	0	0.5	0.5	0.5	0	0.5	0	0	0	0	0.5	0	0	0	0.5	0	0	0	0	0	0	0	0	0.5	0	0	0.5	0	0	0	0
2326	0	0	0	0	0	0	0	0	0.5	0	0	0	0	0	0	0	0	0	0	0	0	0	0	0	0	0	0	0	0	0	0
2329	0	0	0	0	0	0	0	0	0	0	0	0	0	0	0	0	0	0	0	0	0	0	0	0	0	0	0	0	0	0	0
2335	0	0	0	0.5	0	0	0	0	0	0.5	0	0	0	0	0	0	0	0	0	0	0	0	0	0.5	0	0	0.5	0	0	0	0
2343	0.5	0	0	0	0	0	0.5	0.5	0	0	0	0	0	0	0	0	0	0	0	0	0	0	0	0	0	0	0	0	0	0	0
2351	0	0	0	0	0	0	0	0	0	0	0	0	0	0	0	0	0	0	0	0	0	0	0	0	0	0	0	0	0	0	0
2352	0	0.5	0.5	0	0.5	0.5	0	0	0	0	0	1	0.5	0.5	0	0.5	0.5	0	0.5	0	0	0	0	0	0.5	0	0	0	0	0	1
2353	0	0	0	0.5	0	0	0	0	0	0	0	0	0	0	0.5	0	0	0	0	0	0	0	0	0	0	0	0	0	0	0	0
2360	0	0.5	1	1	0	0.5	0	0.5	1	0.5	0	0	1	1	1	0	0.5	1	0.5	0	1	0.5	1	0	0.5	1	0.5	0.5	0	0	0
2362	1	0.5	0.5	0.5	0	1	0.5	0	0	0	0.5	0	0.5	0.5	0.5	0.5	0	0	0.5	0.5	0	0	0	0	0	0.5	0	0.5	0.5	0	0.5
2363	0	0	0	0	0	0	0	0	0	0	0	0	0	0	0	0	0	0	0	0	0	0	0	0	0	0	0	0	0	0	0
2366	0	0.5	1	0.5	1	1	1	0.5	0.5	0.5	0	1	0.5	1	1	1	1	1	0	0.5	0.5	1	0	1	0.5	1	0.5	0.5	0	0.5	0.5
2367	0	0	0	0.5	0	0	0	0	0	0	0	0	0	0	0	0	0	0	0	1	0	0	0	0.5	0	0	0.5	0	0	0	0.5
2368	0	1	1	1	1	1	1	0.5	0.5	0.5	1	1	1	1	1	1	1	1	0.5	1	1	1	0.5	1	1	1	1	1	1	1	1
2370	0	0	0	0	0	0	0.5	0	0	0	0	0	0	0	0	0	0	0	0	0	0	0	0	0	0	0.5	0	0	0	0	0
2371	1	0.5	0.5	0.5	0.5	0.5	0	0	0	0	0	0	0	0	0	0	0	0	0	0	0	0	0	0	0	0	0	0	0	0	0
2372	1	0.5	0.5	0.5	0	0	0	0	0	0	0	0	0	0	0	0	0	0.5	0	0	0	0	0	0	0	0	0	0	0	0	0
2373	0	0	0	0	0	0	0	0	0	0	0	0	0	0	0	0	0	0	0	0	0	0	0	0	0	0	0	0	0	0	0
2375	0	0	0	0	0	0	0	0	0	0	0	0	0	0	0	0	0	0	0	0	0	0	0	0	0	0	0	0	0	0	0
2378	0	1	0.5	0	0.5	0	0	0	1	0.5	0.5	0.5	0	0.5	0	0.5	0.5	0.5	0.5	1	1	0	0.5	1	0	0	0	0	0.5	0	0.5
2380	0	0.5	0	0	0	0.5	0.5	0	0.5	0	0.5	0	0	0	0	0	0	0	0.5	0.5	0	0.5	0.5	0	0	0.5	0.5	0	0.5	0.5	0.5
2381	0.5	0	0	0	0	0	0	0	0	0	0	0	0	0	0	0	0	0	0	0	0	0	0	0	0	0	0	0	0	0	0
2386	0	0	0	0.5	0	0	0	0	0	0	0	0	0	0	0	0.5	0	0	0	0	0	0.5	0	0.5	0	0	0	0.5	0.5	0	0.5
2395	0	0	0	0	0	0	0	0	0	0	0	0	0	0	0	0	0	0	0	0	0	0	0	0	0	0	0	0	0	0	0
2398	0	0.5	0.5	0	0	0	0.5	0	0	0	0	0	0	0	0.5	0	0	0.5	0.5	0	0	0	0	0	0.5	0.5	0	0	0	0	0.5
2399	0	0	0	0	0	0	0	0	0	0	0	0	0	0	0	0	0	0	0	0	0	0	0	0	0	0	0	0	0	0	0
2400	0	0	0	0	0	0.5	0	0	0	0	0	0	0	0	0	0	0	0	0	0	0	0	0	0	0	0	0	0	0	0	0.5
2401	1	0.5	0	0.5	0.5	0.5	0	0	0	0.5	0.5	0.5	0.5	1	0.5	0	0.5	0	0	1	1	0	0.5	0.5	0.5	0.5	1	0	1	1	0.5
2403	0	0	0	0	0	0	0	0	0	0	0	0	0	0	0	0	0	0	0.5	0	0	0	0	0	0	0	0	0	0	0	0
2412	0	0.5	1	0.5	1	1	1	1	1	1	0.5	0.5	0	0.5	0.5	0.5	1	0.5	0.5	1	1	0.5	1	1	0.5	0.5	0.5	0.5	0	0	1
2413	0	0.5	0	0.5	0.5	0.5	0	0	0	0	0	0	0	0	0	0	0	0	0	0	0	0	0	0	0	0	0	0	0	0	0
2416	0	0.5	0	0	0	0	0.5	0	0	0	0	0	0	0	0	0	0	0	0	0	0	0	0	0	0	0	0	0	0	0	0
2417	0	0	0	0	0	0	0	0	0	0	0	0	0	0	0	0	0	0	0	0	0	0	0	0	0	0	0	0	0	0	0
2419	0	0.5	1	1	0.5	0	1	1	0.5	1	0.5	0	0.5	1	0.5	1	0.5	0.5	0	1	0.5	0	1	1	0.5	0.5	1	0.5	0.5	0	0.5
2421	1	1	1	1	1	1	1	1	1	1	1	1	1	1	1	1	1	1	1	1	1	1	1	1	1	1	1	1	1	1	1
2430	0	0	0	0	0	0	0	0	0	0	0	0	0	0	0	0	0	0	0	0	0	0	0	0	0	0	0	0	0	0	0
2438	0	0	0.5	0	0.5	0	0	0	0	0	0	0.5	0	0	0	0	0	0.5	0.5	0.5	0.5	0	0	0.5	0	0	0	0	0	0	0
2442	0.5	1	1	1	1	1	1	1	0.5	0.5	0	0.5	0	0	0.5	0.5	0.5	0.5	0.5	0.5	0.5	0	0.5	0.5	0	0	0	0.5	0	0.5	0.5
2456	0	0	0	0	0	0	0	0	0	0	0	0	0	0	0	0	0	0	0	0	0	0	0	0	0	0	0	0	0	0	0
2462	1	0.5	0	0	0	0	0	0	0	0	0	0	0	0	0	0	0	0	0	0	0	0	0	0	0	0	0	0	0	0	0
2469	0	0	0	0	0.5	0	0	0	0.5	0	0.5	0.5	0	0	1	0	1	0.5	0	1	0	0	0	0	0	0.5	0	0	0	0.5	0.5
2470	0	0	0	0	0	0	0	0	0	0	0	0	0	0	0	0	0	0	0	0	0	0	0	0	0	0	0	0	0	0	0
2473	1	1	1	1	1	1	1	1	0.5	0.5	0.5	0.5	0.5	0.5	0.5	0.5	0.5	0.5	0.5	0.5	0.5	0.5	0.5	0.5	0.5	0.5	0.5	0.5	0.5	0.5	0.5
2478	1	1	1	1	1	1	1	1	1	1	1	1	1	1	1	1	1	1	1	1	1	1	1	1	1	1	1	1	1	1	1
2479	1	0.5	1	0.5	1	1	1	0.5	0.5	0.5	0.5	0.5	0.5	0.5	0.5	0.5	0.5	0.5	0.5	0.5	0.5	0.5	0.5	0.5	0.5	0.5	0.5	0.5	0.5	0.5	0.5
2485	0	0.5	0.5	1	0.5	0	0	0	1	0.5	0	0	0	0	0	0.5	0.5	1	1	0	0.5	1	1	0.5	0.5	0.5	1	0.5	0.5	0.5	0.5
2489	0	0	1	1	0	1	1	0.5	0.5	0.5	1	1	1	1	1	1	1	1	1	1	1	1	1	1	0.5	0.5	1	1	0	0.5	0.5
2492	0	0	0	0	0	0	0	0	0	0	0	0	0	0	0	0	0	0	0	0.5	0	0	0	0	0	0	0	0	0	0	0
2495	0	0	0.5	0	0	0.5	0	0	0	0.5	0	0	0.5	0.5	0	0	0	0.5	0.5	0.5	0	0	0	0.5	0.5	0.5	0	0	0	0.5	0.5
2498	0	0	0.5	0.5	0.5	0.5	0	0.5	0.5	0	0	0	0	0.5	0	0	0.5	0	0	0.5	0.5	0	0	0.5	0.5	0	0	1	0.5	0	0
2500	1	1	1	1	1	1	1	1	1	1	1	1	1	1	1	1	1	1	1	1	1	1	1	1	1	1	1	0.5	1	1	1
2503	0.5	0	0	0	0	0	0	0	0	0	0	0	0	0	0	0	0	0	0	0	0	0	0	0	0	0	0	0	0	0	0
2505	0	0	0	0	0	0	0	0	0	0	0	0	0	0	0	0	0	0	0	0	0	0	0	0	0	0	0	0	0	0	0
2506	1	1	1	0.5	1	1	1	1	1	1	1	1	1	1	1	1	1	1	1	0.5	1	1	1	1	1	1	1	1	1	1	1
2514	1	1	1	1	1	1	1	1	1	1	1	1	1	1	1	1	1	1	1	1	1	1	1	1	1	1	1	1	1	1	1
2517	1	1	1	1	1	1	1	1	1	1	1	1	1	1	1	1	1	1	1	1	1	1	1	1	1	1	1	1	1	1	1
2520	0	0	0	0	0	0	0	0	0	0	0	0	0	0	0	0	0	0	0	0	0	0	0	0	0	0	0	0	0	0	0
2522	1	1	1	1	1	1	1	1	1	1	1	1	1	1	1	1	1	1	1	1	1	1	1	1	1	1	1	1	1	1	1
2528	0	0.5	0	0	0	0	0	0	0	0	0	0	0	0	0	0	0	0	0	0	0	0	0	0	0	0	0	0	0	0	0
2530	1	1	0.5	1	1	1	1	1	1	0.5	1	1	1	1	0.5	1	0.5	1	1	1	1	1	1	1	1	1	1	1	0	1	1
2536	0.5	0	0	0	0	0	0	0	0	0	0	0	0	0	0	0	0	0	0	0	0	0	0	0	0	0	0	0	0	0	0
2542	1	0.5	0	0	0	0	0	0	0	0	0	0	0	0	0	0	0	0	0	0	0	0	0	0	0	0	0	0	0	0	0
2545	0	0	0.5	0.5	0.5	0.5	1	0.5	1	0.5	1	0.5	0.5	0.5	0	1	0.5	0.5	1	0	1	1	0.5	1	0.5	1	1	0.5	1	0.5	1
2548	0	0	0	0	0	0	0	0	0	0	0	0	0	0	0	0	0	0	0	0	0	0	0	0	0	0	0	0	0	0	0
2552	0	0	0	0	0	0	0	0	0	0	0	0	0	0	0	0	0	0	0	0	0	0.5	0	0	0	0	0	0	0.5	0.5	0
2554	0	0	0.5	0.5	0.5	0.5	0	1	0.5	1	0.5	0	0	1	1	0.5	1	0.5	1	0.5	0.5	0.5	0	0.5	1	0.5	0.5	0	0	1	1
2556	1	0.5	0.5	0	0.5	1	1	0.5	1	0	0.5	0.5	1	0.5	0.5	0.5	1	1	1	1	0.5	0.5	0.5	0	1	1	0	0.5	0.5	1	1
2557	1	1	1	1	1	1	0.5	1	0.5	1	1	1	1	1	1	0.5	1	1	1	0.5	1	0.5	1	1	1	1	1	1	1	1	1
2558	0	0.5	0.5	1	0.5	0.5	0	0.5	0.5	1	1	0	1	1	0.5	0.5	1	1	1	0.5	0.5	1	0.5	0.5	0	0	0.5	0.5	0	1	1
2562	0.5	0	0	0	0	0	0	0	0	0	0	0	0	0	0	0	0	0	0	0	0	0	0	0	0	0	0	0	0	0	0
2563	0	0	0	0	0	0	0	0	0	0	0	0	0	0	0	0	0	0	0	0	0	0	0	0	0	0	0	0	0	0	0
2568	1	0	0	0	0	0	0	0	0	0	0	0	0	0.5	0	0	0	0	0	0	0	0	0	0	0	0	0	0	0	0	0
2569	0	0	0	1	0.5	0.5	0	0.5	0.5	0	0.5	0.5	0.5	0	0	0	0	0	0.5	0.5	0	0.5	0.5	0	0.5	0	1	1	0	1	0.5
2570	1	0	0	0	0	0	0	0	0	0	0	0	0	0	0	0	0	0	0	0	0	0	0	0	0	0	0	0	0	0	0.5
2571	0	0	0	0	0	0	0	0	0	0	0	0	0	0	0	0	0	0	0	0	0	0	0	0	0	0	0	0	0	0	0
2577	1	0	0	0	0	0	0	0	0	0	0	0	0	0	0	0	0	0	0	0	0	0	0	0	0	0	0	0	0	0	0
2578	1	0	0	0	0	0	0	0	0	0.5	0.5	0.5	0.5	0.5	0	0	0	0	0	0.5	0.5	0	0	0	0	0	0.5	0.5	0.5	0.5	0.5
2582	0	0	0	0	0	0	0	0	0	0	0	0	0	0	0	0	0	0	0	0	0	0	0	0	0	0	0	0	0	0	0
2585	0	0	0	0	0	0	0	0	0	0	0	0	0	0	0	0	0	0	0	0	0	0	0	0	0	0	0	0	0	0	0
2595	0	0	0	0	0	0	0	0	0	0	0	0	0.5	0.5	0	0	0	0	0	0	0	0	0	0	0	0	0	0	0	0	0
2598	0	0	0	0	0	0	0	0	0	0	0	0	0	0	0	0	0	0	0	0	0	0	0	0	0	0	0	0	0	0	0
2599	0.5	1	1	1	1	1	1	1	1	1	1	1	1	1	1	1	1	1	1	1	1	1	1	1	1	1	1	1	1	1	1
2602	0	0.5	0	0.5	0.5	1	1	0	0.5	0.5	0.5	0.5	0	1	1	1	1	1	0.5	0.5	0	0.5	0	0.5	0.5	1	0.5	0.5	0.5	0.5	0.5
2611	1	0.5	0.5	1	1	1	0.5	1	1	1	1	1	0	0.5	0.5	0.5	0	1	0.5	0.5	0.5	0.5	0.5	1	1	1	0.5	1	1	0.5	1
2613	0.5	0.5	0	0	0	0	0	0	0	0	0.5	0.5	0	0	0	0	0	0	0	0	0	0.5	0	0	0	0	0	0	0	0	0.5
2615	0	0	0	0	0	0	0	0.5	0	0	0	0	0	0	0	0	0	0	0	0	0	0	0	0	0	0	0	0	0	0	0
2619	1	0.5	0.5	0	0	0	0	0	0	0	0	0	0	0	0	0	0	0	0	0	0	0	0	0	0	0	0	0	0	0	0
2621	0.5	0.5	1	1	0.5	0.5	0.5	0.5	0.5	0.5	1	0	1	1	1	1	1	1	1	0.5	0.5	1	0.5	0.5	1	0.5	1	1	1	1	1
2633	0	0	0	0	0	0	0	0	0	0	0	0	0	0	0	0	0	0	0	0	0	0	0	0	0	0	0	0	0	0	0
2645	0	0.5	0.5	0	1	0.5	0	0	1	0	1	0	0	0	0.5	0	0.5	0.5	0.5	0	0.5	0	0	0.5	0.5	1	1	0.5	0	0	0.5
2646	0	0	0	0	0	0	0	0	0.5	0.5	0	0	0	0	0	0	0	0	0	0	0	0	0	0.5	0	0	0	0	0	0	0
2647	1	0.5	0.5	0.5	0.5	0	0.5	0.5	0.5	0.5	0.5	0.5	0.5	0.5	0.5	0.5	1	1	1	1	0.5	0	0.5	0.5	0.5	0.5	0.5	0.5	0.5	0.5	0.5
2650	0	0	0	0	0	0	0	0	0	0	0	0	0	0	0	0	0	0	0	0	0	0	0	0	0	0	0	0	0	0	0
2651	0.5	0.5	0	0	0	0	0	0	0	0	0	0	0	0	0	0	0	0	0	0	0	0	0	0	0	0	0	0	0	0	0
2653	0	0	0	0	0	0	0	0	0	0	0	0	0	0	0	0	0	0	0	0	0	0	0	0	0	0	0	0	0	0	0
2654	0	0.5	1	0.5	0.5	0.5	1	1	0.5	1	1	1	0	0.5	0.5	0.5	1	0.5	1	1	0	0.5	0.5	1	1	0.5	1	1	0.5	1	1
2660	0	0	0	0	0	0	0	0	0	0	0	0	0	0	0	0	0	0	0	0	0	0	0	0	0	0	0	0	0	0	0
2662	0	0	0	0	0	0	0	0.5	0.5	0	0	0.5	0	0	0	0.5	0	0.5	0	0	0.5	0.5	0	0	0	0	0	0	0	0	0.5
2664	0	0	0	0	0	0	0	0	0	0	0	0	0	0	0	0	0	0	0	0	0	0	0	0	0	0	0	0	0	0	0
2666	0	0	0	0	0	0	0	0	0	0	0	0	0	0	0	0	0	0	0	0	0	0	0	0	0	0	0	0	0	0	0
2674	0	0.5	0	0	0.5	0	0	0	0	0	0	0	0	0	0	0	0	0	0	0	0	0	0	0	0	0	0	0	0	0	0
2675	0	0	0	0	0.5	0	0	0	0	0	0	0	0	0	0.5	0	0.5	1	0	0.5	0	0	0	0	0	0.5	0	0	0	0	0
2677	0	1	1	0.5	1	1	1	0.5	1	1	0.5	1	1	1	1	1	1	0	1	1	0.5	0.5	1	1	1	1	1	1	1	1	1
2678	0	0	0	0	0	0	0	0	0	0	0	0	0	0	0	0	0	0	0	0	0	0	0	0	0	0	0	0	0	0	0
2685	0	0	0	0	0	0	0.5	0	0	0	0	0	0.5	0	0	0	0	0	0	0	0	0	0	0.5	0.5	0.5	0	0.5	0	0	0
2686	0	0	0	0.5	0	0	0.5	0.5	0	0	0.5	0.5	0	0.5	0	0	0	0.5	0.5	0.5	0.5	0.5	0	0.5	0	0	0	0	0	0.5	0.5
2690	0	0	0	0.5	0	0	0	1	0	0.5	0	0	0	0.5	0.5	0	0.5	0.5	0	0	1	0.5	0	0	0	0	0	0	0	0.5	0
2694	0.5	0.5	0	0.5	0.5	0	0	0	0	0	0	0	0	0	0	0	0	0	0	0	0	0	0.5	0	0	0	0	0	0	0	0
2696	1	1	1	1	1	1	1	1	1	1	1	1	1	1	1	1	1	1	1	1	1	1	1	1	1	1	1	1	1	1	1
2702	1	1	1	1	1	1	1	1	1	1	1	1	1	1	1	1	1	1	1	1	1	1	1	1	1	1	1	1	1	1	1
2705	0	0	0	0	0	0	0	0	0	0	0	0	0	0	0	0	0	0	0	0	0	0	0	0	0	0	0	0	0	0	0
2707	1	1	1	1	1	1	1	1	1	1	1	1	1	1	1	1	1	1	1	1	0.5	0.5	1	1	0.5	1	1	1	1	1	1
2708	1	0.5	0.5	0.5	0	0	0	0	0	0	0	0	0	0	0	0	0	0	0	0	0	0	0	0	0	0	0	0	0	0	0
2710	0	0	0	0	0	0	0	0	0	0	0	0	0	0	0	0	0	0	0	0	0	0	0	0	0	0	0	0	0	0	0
2711	0	0.5	0	0.5	0.5	0.5	0	0.5	0.5	0	0.5	0	0	0	0	0.5	0	0.5	1	0.5	0	0	0	0.5	0	0	0.5	0.5	0	0	0
2718	1	0	0.5	1	0	1	0.5	1	1	1	0.5	1	1	1	0.5	0.5	0.5	1	0.5	1	0.5	1	1	0.5	1	1	0.5	0	0	0	0
2722	0	0	0	0	0	0	0	0	0	0	0	0	0	0	0	0	0	0	0	0	0	0	0	0	0	0	0	0	0	0	0
2726	0	0	0.5	0.5	0	0	0	0	0	0	0	0.5	0	0	0	0	0	0	0	0	0	0	0	0	0	0	0	0	0	0.5	0
2727	1	1	1	1	1	1	1	1	1	1	1	1	1	1	1	1	1	1	1	1	1	1	1	1	1	1	1	1	1	1	1
2729	0	0	0	0	0	0	0	0	0	0	0	0	0	0	0	0	0	0	0	0	0	0	0	0	0	0	0	0	0	0	0
2732	0	0	0	0	0	0	0	0	0	0	0	0	0	0	0	0	0	0	0	0	0	0	0	0	0	0	0	0	0	0	0
2733	0	0.5	0.5	0	0.5	0.5	0	0.5	0.5	0	0.5	0.5	0.5	0.5	1	0	0	0.5	0.5	0	0	0.5	0.5	0	0.5	0	0	0	0	1	0.5
2743	0	0	0	0	0	0	0	0	0	0	0	0	0	0	0	0	0	0	0	0	0	0	0	0	0	0	0	0	0	0	0
2746	0	1	1	1	1	1	1	1	1	1	1	1	0.5	1	1	0.5	1	1	0.5	0.5	1	1	1	1	1	1	1	1	1	1	1
2747	0	0	0	0	0	0	0	0	0	0.5	0	0	0	1	0	0	0	0	0	0	0	0	0	0	0	0.5	0	0	0	0	0.5
2748	0	0	0	0	0	0	0	0	0	0	0	0	0	0	0	0	0	0	0	0	0	0	0	0	0	0	0	0	0	0	0
2749	0	0	0	0	0	0	0	0	0	0	0	0	0	0	0	0	0	0	0	0	0	0	0	0	0	0	0	0	0	0	0
2752	0	0	0.5	0.5	0.5	0.5	0	0	0.5	0.5	0.5	0.5	0.5	0.5	0.5	0.5	0.5	0.5	0.5	0.5	0	0	0	0	0.5	0.5	0.5	0	0	0	0
2755	0	0	0	0	0	0	0	0	0	0	0	0	0	0	0	0	0	0	0	0	0	0	0	0.5	0	0	0	0	0	0	0
2756	0	0	0	0	0	0.5	0	0	0	0	0	0	0.5	0.5	0	0	0	0	0	0	0	0	0	0	0	0	0	0	0	0	0
2757	0.5	0	0	0	0	0	0	0	0	0	0	0	0	0	0	0	0	0	0	0	0	0	0	0	0	0	0	0	0	0	0
2760	0	0	0	0	0	0	0	0	0	0	0	0	0	0	0	0	0	0	0.5	0	0	0	0	0	0	0	0	0	0.5	0	0
2764	0	0	0.5	0.5	0	0.5	0	0.5	0.5	1	0	0	0	0	0	0	0	0.5	0	0	0.5	0	0	0	0	0	0	0	0	0	0
2769	1	1	1	1	1	1	1	1	1	1	1	1	1	1	1	1	1	1	1	1	1	1	1	1	1	1	1	1	1	1	1
2770	0	0	0	0.5	0.5	0.5	0.5	0	0	0	0	0.5	1	1	0.5	0	0	0	0.5	0.5	0	0.5	0	0.5	0.5	0.5	0.5	0	0	0	0.5
2774	0.5	0	0	0	0	0	0	0	0	0	0	0	0	0	0	0	0	0	0	0	0	0	0	0	0	0	0	0	0	0	0
2776	0	0	0	0	0	0	0	0	0	0	0.5	0	0	0	0	0	0	0	0.5	0	0	0	0	0	0.5	0	0.5	0.5	0	0	0
2777	0	0	0	0	0	0	0	0	0	0	0	0	0	0	0	0	0	0	0	0	0	0	0	0	0	0	0	0	0	0	0
2780	1	1	1	1	1	1	1	1	1	1	1	1	1	1	1	1	1	1	1	1	1	1	1	1	1	1	1	1	1	1	1
2786	0.5	0.5	0.5	0.5	0	0	0	0	0	1	0	0	0.5	0.5	0	0.5	0	0	0.5	0	0	1	1	0.5	1	0.5	0	0	0.5	1	0
2787	0	0.5	0.5	1	0	1	0	0	0	0	0	0.5	0.5	0.5	0	0	0.5	0.5	0	0	0	0.5	0.5	0	0.5	0	0	0	0	0.5	0
2790	0.5	0.5	0.5	0.5	0.5	0.5	0	0	0	0	0	0	0.5	0	0	0	0	0	0	0	0	0	0	0	0	0	0	0	0	0	0
2791	0	0.5	0	0	0	0	0	0	0.5	0.5	0.5	0	0.5	0.5	0.5	0	0.5	0.5	0	0	0	1	0	0.5	0	0	0.5	1	0.5	0.5	1
2792	1	0.5	0.5	1	1	0	0	0.5	0.5	1	0.5	1	0	0	0	0.5	0.5	0.5	0.5	0.5	0.5	1	0	0	0.5	0.5	0.5	0.5	0.5	0.5	0
2794	1	1	1	1	1	0.5	1	1	1	1	1	1	1	1	1	1	1	1	0.5	0.5	1	1	1	1	1	1	1	1	1	1	1
2795	0.5	0	0	0	0	0.5	0	0	0	0	0	0	0	0	0	0	0	0	0	0	0	0	0	0	0	0	0	0	0	0	0
2797	0	1	1	1	1	1	1	1	1	1	1	1	1	1	1	1	1	1	1	1	0.5	0.5	0.5	1	1	0.5	1	1	1	0.5	1
2802	1	1	1	1	1	1	1	1	1	0.5	1	1	1	1	1	1	0.5	0.5	0.5	0.5	1	1	0.5	0.5	0.5	0.5	0.5	0	0	0	0.5
2803	1	1	1	1	1	1	1	1	1	1	1	1	1	1	1	0.5	1	0.5	0.5	1	1	1	0	1	1	1	1	1	1	1	1
2804	1	1	1	1	1	1	1	1	1	1	1	1	1	1	1	0	0.5	0.5	0.5	0.5	1	1	1	1	0.5	0.5	0.5	1	1	0.5	1
2814	0	0	0	0	0	0	0	0	0	0	0	0	0	0	0	0	0	0	0	0	0	0	0	0	0	0	0	0	0	0	0
2815	1	0.5	0.5	0.5	0.5	0.5	0.5	0.5	0.5	0.5	0.5	0.5	0.5	0	0	0	0	0	0	0	0	0	0	0	0	0	0	0	0	0	0
2817	0	0	0	0	0	0	0	0	0	0	0	0	0	0	0	0	0	0	0	0	0	0	0	0	0	0	0	0	0	0	0
2831	0	1	1	1	0.5	0	0.5	0	0.5	0.5	0	0.5	0.5	1	0.5	0	0.5	0	0.5	0	0	0	0	0	0	0	0	0	0	0	0
2833	1	0.5	1	1	1	0.5	0.5	0.5	0.5	0.5	1	1	1	1	0.5	0.5	1	0.5	1	1	1	0.5	0.5	0.5	0.5	0.5	0	0	0.5	1	0.5
2834	1	1	1	1	0	0	0	0	0	0.5	0.5	0	0	0	0.5	0.5	0	0	0	0	0	0	0.5	0	0.5	0.5	0.5	0	0.5	0	0
2837	0	0	0	0	0	0	0	0	0	0	0	0	0	0	0	0	0	0	0	0	0	0	0	0	0	0	0	0	0	0	0
2838	0.5	0.5	0.5	1	0.5	0.5	0.5	0	0	0	0	0	0	0	0	0	0.5	0.5	0.5	0.5	0.5	0.5	0	0	0	0	0	0	0	0.5	0.5
2841	0	1	0.5	1	0.5	1	0.5	0	0	0	0.5	1	0.5	0.5	0	0.5	0.5	0.5	1	0.5	1	1	1	0.5	0.5	0.5	0.5	0.5	1	0	0
2842	0	0.5	0.5	0	0	1	0	0.5	0.5	1	1	0.5	1	1	0	0.5	0	0	0	0.5	0.5	1	0.5	0.5	1	0.5	0	0.5	1	0.5	0.5
2849	1	0.5	0.5	0	0	0.5	0	0	0	0	0	0	0.5	0.5	0.5	0.5	0.5	0.5	0.5	0.5	0	0	0	0	0.5	0	0	0	0	0	0
2858	0	0.5	1	0.5	0	0	0	0	0	0.5	0.5	1	0.5	0.5	0	0.5	0.5	0.5	0	1	0.5	0.5	0	0.5	0.5	0.5	0.5	0	0	0	0
2859	1	1	1	1	1	0.5	0.5	0.5	1	1	1	0.5	0.5	1	1	0.5	0.5	1	1	1	1	1	1	1	1	1	1	1	1	1	1
2864	0	1	1	0.5	1	0.5	1	0	0.5	0.5	1	1	0.5	1	0	0.5	1	1	1	0.5	1	1	0.5	0.5	1	0	1	1	0.5	1	0.5
2871	0	0	0	0	0.5	0.5	0	0	0.5	0.5	0	0	0.5	0	0	0	0	0	0	0.5	0	0	0	0.5	0	0	0	0	0	0	0.5
2875	1	1	0.5	0	1	1	0.5	1	1	1	1	1	0.5	0.5	0.5	1	1	1	0.5	0.5	0.5	1	1	1	1	1	1	1	1	1	1
2889	1	1	1	1	1	1	0.5	0.5	0.5	1	1	0.5	0.5	1	1	1	1	1	1	0.5	1	1	1	1	1	1	0.5	0.5	0.5	0.5	0.5
2894	0	0	0	0	0	0	0	0	0	0	0	0.5	0	0	0	0	0	0	0	0	0	0	0	0	0	0	0	0	0	0	0
2900	0	1	0.5	0	0	0.5	0	0	0	0	0	0	0	0	0	0.5	1	0	0	0	0	0	0.5	0.5	0.5	0	0.5	1	0	1	0.5
2902	0	1	1	1	1	1	1	1	1	0.5	1	1	0.5	1	1	1	1	1	1	1	1	1	0.5	1	1	1	1	1	1	1	0.5
2905	0	0	0	0	0	0	0	0	0	0	0	0	0	0	0.5	0	0	0	0	0	0	0	0	0	0	0	0	0	0	0	0
2907	0	0	0.5	1	0.5	0.5	0.5	0	0	0	0	0	0	0	0	1	0.5	0.5	1	1	1	0.5	0.5	0	0	0.5	0.5	0	0.5	0.5	0
2913	0.5	1	1	1	0.5	1	1	1	1	1	1	1	1	1	1	1	1	0.5	0.5	1	1	1	1	1	1	1	1	0.5	1	0	1
2930	1	1	1	1	1	1	1	1	1	1	1	1	1	1	1	1	1	1	1	1	1	1	1	1	1	1	1	1	1	1	1
2931	0	0	0.5	0.5	0	0	0	0	0.5	1	0.5	0.5	0.5	0.5	0.5	0	0.5	1	0	0.5	0.5	0.5	0	0.5	0	0	0	0	0	0	0
2935	0	0.5	0	0	0	0.5	0.5	0.5	0	0.5	0.5	0.5	0.5	0.5	0.5	0.5	0	0	0	1	1	0.5	0	0	0	0.5	0	0	0.5	0.5	0.5
2937	1	1	1	1	1	1	1	1	1	1	1	1	1	1	1	1	1	1	1	1	1	1	1	1	1	1	1	1	1	1	1
2940	1	1	1	1	1	1	1	1	1	1	1	1	1	1	1	1	1	1	1	1	1	1	1	1	1	1	1	1	1	1	1
2944	0	0.5	0	0	0	0	0	0	0	0.5	0.5	0.5	0	0	0	1	0	0.5	0.5	0.5	0.5	0	0.5	0.5	0.5	0.5	0.5	0.5	0	0	0.5
2945	0	0	0	0	0	0	0	0	0	0	0	0	0	0	0	0	0	0	0	0	0	0	0	0	0	0	0	0	0	0	0
2946	1	0.5	0	0	0	0	0.5	0	0	0.5	0.5	0	0	0.5	0.5	0.5	0.5	0.5	0	0	0	1	1	0.5	0	1	0	0	0	0	0.5
2953	0	0	0	0	0	0	0	0	0	0	0	0	0	0	0	0	0	0	0	0	0	0	0	0	0	0	0	0	0	0	0
2957	1	1	1	1	1	0.5	1	1	1	1	1	1	1	1	1	1	1	1	1	1	1	1	1	1	1	1	1	1	1	1	1
2966	0	0	0	0	0	0	0	0	0	0	0	0	0	0	0	0	0	0	0	0	0	0	0	0	0	0	0	0	0	0	0
2969	1	1	1	1	1	1	1	1	1	1	1	1	1	1	1	1	1	1	1	1	1	1	1	1	1	1	1	1	1	1	1
2970	1	1	1	1	1	1	1	1	1	1	1	1	1	1	1	1	1	1	1	1	1	1	1	1	1	1	1	1	1	1	1
2975	1	1	1	1	1	1	1	1	1	1	1	1	1	1	1	1	1	1	1	1	1	1	1	1	1	1	1	1	1	1	1
2976	0	0	0	0	0	0	0	0	0	0	0	0	0	0	0	0	0	0	0	0	0	0	0	0	0	0	0	0	0	0	0
2982	0	0	0	0	0	0	0	0	0	0	0	0	0	0	0	0	0	0	0	0	0	0	0	0	0	0	0	0	0	0	0
2999	1	1	1	1	0.5	1	1	1	1	1	1	1	1	1	0.5	0.5	0.5	0	0.5	1	1	1	0.5	1	1	1	1	1	1	1	1
3002	0	0	0	0	0	0	0	0	0	0	0	0	0	0	0	0	0	0	0	0	0	0	0	0	0	0	0	0	0	0	0
3003	0	0.5	0	0.5	0	0	0	0	0	0	0.5	0.5	0.5	0	0	0.5	0.5	0	0	0	0	0	0	0	0	0	0	0	0	0	0
3012	0	0	0	0	0	0	0	0	0	0	0	0	0	0	0	0	0	0	0	0	0	0	0	0	0	0	0	0	0	0	0
3016	0	0	0	0	0	0	0	0	0	0	0	0	0	0	0	0	0	0	0	0	0	0	0	0	0	0	0	0	0	0	0
3021	1	0.5	0.5	0.5	0.5	0.5	0.5	0.5	0.5	0.5	0.5	0.5	0.5	0.5	0.5	0.5	0.5	0	0	0	0	0	0	0	0	0	0	0	0	0	0
3025	0	0	0.5	0	0	0.5	0.5	1	0.5	0	0	0	0.5	0.5	0.5	0	0.5	0	0.5	0.5	0	0.5	0	0.5	0	0.5	0	0	0	0	0.5
3027	0	0	0	0	0	0	0	0	0	0	0	0	0	0	0	0	0	0	0	0	0	0	0	0	0	0	0	0	0	0	0
3034	1	1	1	1	0.5	1	1	1	1	1	1	1	1	1	1	1	0.5	0.5	0.5	0.5	0.5	0.5	0.5	0.5	0.5	0.5	0.5	0.5	0.5	1	1
3039	1	1	0	0	0	0	0	0	0	0	0	0	0	0	0	0	0	0	0	0	0	0	0	0	0	0	0	0	0	0	0
3041	1	1	1	1	0	0	0	0	0.5	1	1	0.5	0	0	0	0	0	0	0	0	0	0	0	0	0	0	0	0	0	0	0
3043	0	0	0	0	0	0	0	0	0	0	0	0	0	0	0	0	0	0	0	0	0	0	0	0	0	0	0	0	0	0	0
3048	0.5	0.5	0.5	0.5	0.5	0.5	0.5	0.5	0.5	0.5	0.5	0	0.5	0.5	0.5	0	0	0	0	0	0	0	0	0	0	0	0	0	0	0	0
3054	0	0.5	0	1	0.5	0.5	0	0.5	0.5	1	0.5	0.5	1	1	1	0.5	1	0.5	0	0	0	1	0.5	0.5	0.5	0.5	1	0.5	1	0.5	0
3055	0	1	1	1	1	1	1	1	1	1	1	1	1	1	1	1	1	1	1	1	1	1	1	1	1	1	1	1	1	1	1
3057	0	0	0	0	0	0	0.5	0	0	0	0	0	0	0	0	0.5	0.5	0	0	0	0	0	0	0	0	0	0	0.5	0	0	0
3062	0	1	1	0.5	1	1	1	1	1	1	0.5	1	0.5	1	1	1	0.5	1	0.5	0.5	1	1	1	1	0.5	1	1	1	1	1	1
3070	1	1	1	0.5	1	1	1	0.5	1	1	1	1	1	1	1	1	1	1	1	1	1	1	1	1	1	1	1	1	1	1	1
3077	0	0	0	0	0	0	0	0.5	0	0	0	0	0	0	0	0	0	0	0	0	0	0	0	0	0	0	0	0	0	0	0
3080	0	0	0	0	0	0	0	0	0	0	0	0	0	0	0	0	0	0	0	0	0	0	0	0	0	0	0	0	0	0	0
3082	1	1	1	1	1	1	1	1	1	1	1	1	1	1	1	1	1	1	1	1	1	1	1	1	1	1	1	1	1	1	1
3084	0	0	0	0	0	0	0	0	0	0	0	0	0	0	0	0	0	0	0	0	0	0	0	0	0	0	0	0	0	0	0
3087	0	0.5	0	0	0	0	0	0	0.5	0	0.5	0	0	0.5	0	0	0	0	0	0	0	0	0	0	0	0	0	0	0	0	0
3088	0	0.5	0	0	0	0	0.5	0.5	0.5	0.5	0.5	0	0.5	0	0	0	0.5	0	0	0	0	0	0	0	0	0	0	0	0	0	0
3093	0	0	0	0	0	0	0	0	0	0	0	0	0	0	0	0	0	0	0	0	0	0	0	0	0	0	0	0	0	0	0
3096	0.5	0	0	0	0	0	0	0	0	0	0	0	0	0	0	0	0	0	0	0	0	0.5	0.5	0	0	0	0	0	0	0	0
3099	1	1	1	1	1	1	1	1	1	1	1	1	1	1	1	1	1	1	1	1	1	1	1	1	1	1	1	1	1	1	1
3102	0	0.5	1	0.5	0	0.5	0.5	1	0.5	1	0.5	1	1	1	1	0	0.5	0	0.5	0.5	0.5	0.5	0	0	0.5	0	0	0	0.5	0	0.5
3104	1	1	1	1	1	1	1	0.5	1	1	1	0.5	0.5	1	1	0.5	0.5	1	1	1	0.5	1	1	1	1	1	1	0.5	1	1	1
3106	0	0	0.5	0.5	1	0	0	1	0.5	0	0.5	0.5	0.5	1	0.5	0.5	0	0	0	0	0	0	0.5	0.5	0	0	0.5	0	0.5	0	0.5
3111	0	0	0	0	0.5	0.5	0.5	1	0	0	0.5	0.5	0	0	0	0	0	0	0.5	0	0	0	0	0	0	0	0.5	0	0	0	0
3112	0	0	0	0	0	0	0	0	0	0.5	0	0	0	0	0	0.5	0	0	0	0	0	0.5	0	0	0	0	0	0	0	0	0
3113	0	0	0	0	0	0	0	0	0	0	0	0	0	0	0	0	0	0	0	0	0	0	0	0	0	0	0	0	0	0	0
3117	0	0	0	0.5	0.5	0.5	0.5	0	0.5	0	0.5	0	0	0	0	0	0	0	0	0	0.5	0	0	0	0	0	0	0	0	0	0
3118	0	0.5	0	0.5	0.5	0.5	0.5	0.5	0.5	0.5	0.5	0	0	0	0	0	0	0	0	0.5	0	0	0	0	0	0	0	0	0	0	0
3119	0	0	0	0	0	0	0.5	0	0.5	0	0	0	0	0	0	0	0	0	0	0	0	0	0	0	0	0	0	0	0	0	0
3123	0	0	0	0	0	0	0	0	0	0	0	0	0	0	0	0	0	0	0	0	0	0	0	0	0	0	0	0	0	0	0
3125	0	0.5	0	0	0	0	0.5	0	0	0	0.5	0	0	0	0	0	0	0	0	0	0	0	0	0	0	0	0	0	0	0	0
3127	0	0	0.5	0.5	0	0	0	0	0	0	0	0	0	0	0.5	0	0.5	0	0.5	0	0	0	0	0	0.5	0	0	0.5	0	0	0
3129	0	1	0.5	1	1	0.5	1	0.5	1	1	1	1	1	0.5	1	1	1	1	1	1	1	0.5	1	1	1	1	1	1	1	0.5	1
3132	1	1	1	0.5	0.5	0.5	0.5	0.5	0.5	0.5	0.5	0.5	0.5	0.5	0.5	0.5	0.5	0.5	0.5	0	0	0	0	0	0	0	0	0	0	0	0
3142	0	0	0	0	0	0	0	0	0	0	0	0	0	0	0	0	0	0	0	0	0	0	0	0	0	0	0	0	0.5	0	0
3155	0	0.5	0.5	0.5	0.5	0.5	0.5	0	0	0.5	0	0	0.5	0	0.5	0	0.5	0	0.5	0	0	0	0	0	0	0	0	0	0	0	0
